0.000000000000000000e+00 0.000000000000000000e+00
3.906250000000000081e-06 0.000000000000000000e+00
7.812500000000000163e-06 2.549162924682502762e+03
1.171875000000000024e-05 6.782243252997234777e+03
1.562500000000000033e-05 1.267600516640898786e+04
1.953125000000000041e-05 2.019802103766415530e+04
2.343750000000000049e-05 2.930677514655914638e+04
2.734375000000000057e-05 3.995179871299334627e+04
3.125000000000000065e-05 5.207383746415353380e+04
3.515624999999999734e-05 6.560505316991644213e+04
3.906250000000000081e-05 8.046926076337401173e+04
4.296874999999999751e-05 9.658220280365418876e+04
4.687500000000000098e-05 1.138518631267696037e+05
5.078124999999999767e-05 1.321788215573650086e+05
5.468750000000000114e-05 1.514566515095096256e+05
5.859374999999999783e-05 1.715723621774296043e+05
6.250000000000000130e-05 1.924068867966330436e+05
6.640625000000000477e-05 2.138356181321182812e+05
7.031249999999999469e-05 2.357289919144246669e+05
7.421874999999999816e-05 2.579531183892891568e+05
7.812500000000000163e-05 2.803704614686524728e+05
8.203125000000000510e-05 3.028405641697331448e+05
8.593749999999999501e-05 3.252208181097986526e+05
8.984374999999999848e-05 3.473672737981514656e+05
9.375000000000000195e-05 3.691354873516203952e+05
9.765625000000000542e-05 3.903813980810419889e+05
1.015624999999999953e-04 4.109622301872400567e+05
1.054687499999999988e-04 4.307374106069870177e+05
1.093750000000000023e-04 4.495694939103559591e+05
1.132812500000000057e-04 4.673250841241174494e+05
1.171874999999999957e-04 4.838757424978607451e+05
1.210937499999999991e-04 4.990988695968708489e+05
1.250000000000000026e-04 5.128785497515195748e+05
1.289062500000000061e-04 5.251063458625467028e+05
1.328125000000000095e-04 5.356820328889795346e+05
1.367187500000000130e-04 5.445142590489751892e+05
1.406249999999999894e-04 5.515211248433291912e+05
1.445312499999999928e-04 5.566306714458491188e+05
1.484374999999999963e-04 5.597812717520698206e+05
1.523437499999999998e-04 5.609219193755432498e+05
1.562500000000000033e-04 5.600124130495653953e+05
1.601562500000000067e-04 5.570234361394188600e+05
1.640625000000000102e-04 5.519365331968839746e+05
1.679687499999999866e-04 5.447439875957546756e+05
1.718749999999999900e-04 5.354486061821482144e+05
1.757812499999999935e-04 5.240634184777644696e+05
1.796874999999999970e-04 5.106112992281207698e+05
1.835937500000000004e-04 4.951245239541697665e+05
1.875000000000000039e-04 4.776442676323620835e+05
1.914062500000000074e-04 4.582200567074874998e+05
1.953125000000000108e-04 4.369091843693217961e+05
1.992187499999999872e-04 4.137760984516702592e+05
2.031249999999999907e-04 3.888917705078006256e+05
2.070312499999999941e-04 3.623330536542841583e+05
2.109374999999999976e-04 3.341820357324299985e+05
2.148437500000000011e-04 3.045253932856839965e+05
2.187500000000000046e-04 2.734537508567069308e+05
2.226562500000000080e-04 2.410610492213995312e+05
2.265625000000000115e-04 2.074439254360860505e+05
2.304687499999999879e-04 1.727011069999879983e+05
2.343749999999999913e-04 1.369328220338283863e+05
2.382812499999999948e-04 1.002402271386417415e+05
2.421874999999999983e-04 6.272485450611527631e+04
2.460937500000000017e-04 2.448807987355945806e+04
2.500000000000000052e-04 -1.436938698299691168e+04
2.539062500000000087e-04 -5.374798737993215036e+04
2.578125000000000121e-04 -9.354977250741630269e+04
2.617187500000000156e-04 -1.336788337557818159e+05
2.656250000000000191e-04 -1.740417024467340088e+05
2.695312500000000226e-04 -2.145477168377942289e+05
2.734375000000000260e-04 -2.551093543932860484e+05
2.773437499999999753e-04 -2.956425275271176361e+05
2.812499999999999787e-04 -3.360668413302901317e+05
2.851562499999999822e-04 -3.763058121860052925e+05
2.890624999999999857e-04 -4.162870466316177044e+05
2.929687499999999892e-04 -4.559423803292268422e+05
2.968749999999999926e-04 -4.952079775333252037e+05
3.007812499999999961e-04 -5.340243919718172401e+05
3.046874999999999996e-04 -5.723365905644763261e+05
3.085937500000000030e-04 -6.100939418712407351e+05
3.125000000000000065e-04 -6.472501715759104118e+05
3.164062500000000100e-04 -6.837632876567330677e+05
3.203125000000000134e-04 -7.195954781663217582e+05
3.242187500000000169e-04 -7.547129847354744561e+05
3.281250000000000204e-04 -7.890859550288523315e+05
3.320312500000000239e-04 -8.226882774183471920e+05
3.359374999999999731e-04 -8.554974011082154466e+05
3.398437499999999766e-04 -8.874941448526702588e+05
3.437499999999999801e-04 -9.186624972607274540e+05
3.476562499999999835e-04 -9.489894114946911577e+05
3.515624999999999870e-04 -9.784645969476996688e+05
3.554687499999999905e-04 -1.007080310242058244e+06
3.593749999999999939e-04 -1.034831147632644745e+06
3.632812499999999974e-04 -1.061713840636639623e+06
3.671875000000000009e-04 -1.087727056449237280e+06
3.710937500000000043e-04 -1.112871204450711142e+06
3.750000000000000078e-04 -1.137148249867931008e+06
3.789062500000000113e-04 -1.160561535426726332e+06
3.828125000000000147e-04 -1.183115611622885568e+06
3.867187500000000182e-04 -1.204816076050705742e+06
3.906250000000000217e-04 -1.225669422059597680e+06
3.945312500000000252e-04 -1.245682896861504531e+06
3.984374999999999744e-04 -1.264864369084329344e+06
4.023437499999999779e-04 -1.283222205658378778e+06
4.062499999999999814e-04 -1.300765157832870027e+06
4.101562499999999848e-04 -1.317502256046450464e+06
4.140624999999999883e-04 -1.333442713317918824e+06
4.179687499999999918e-04 -1.348595836779431207e+06
4.218749999999999952e-04 -1.362970946942778537e+06
4.257812499999999987e-04 -1.376577304268397624e+06
4.296875000000000022e-04 -1.389424042595091043e+06
4.335937500000000056e-04 -1.401520108984705526e+06
4.375000000000000091e-04 -1.412874209538932191e+06
4.414062500000000126e-04 -1.423494760753869778e+06
4.453125000000000160e-04 -1.433389845990983536e+06
4.492187500000000195e-04 -1.442567176659710705e+06
4.531250000000000230e-04 -1.451034057726464933e+06
4.570312500000000265e-04 -1.458797357186445035e+06
4.609374999999999757e-04 -1.465863479157965165e+06
4.648437499999999792e-04 -1.472238340283459285e+06
4.687499999999999827e-04 -1.477927349146533292e+06
4.726562499999999861e-04 -1.482935388440106995e+06
4.765624999999999896e-04 -1.487266799646581523e+06
4.804687499999999931e-04 -1.490925370016881963e+06
4.843749999999999965e-04 -1.493914321661064168e+06
4.882812500000000000e-04 -1.496236302588823717e+06
4.921875000000000035e-04 -1.497893379563668510e+06
4.960937500000000069e-04 -1.498887032659702701e+06
5.000000000000000104e-04 -1.499218151434925385e+06
5.039062500000000139e-04 -1.498947666744188173e+06
5.078125000000000173e-04 -1.498171830133783398e+06
5.117187500000000208e-04 -1.496876422927205218e+06
5.156250000000000243e-04 -1.495057943641458638e+06
5.195312500000000278e-04 -1.492711525573203806e+06
5.234375000000000312e-04 -1.489830971643275116e+06
5.273437500000000347e-04 -1.486408798456485849e+06
5.312500000000000382e-04 -1.482436289046491962e+06
5.351562500000000416e-04 -1.477903553684658371e+06
5.390625000000000451e-04 -1.472799598056312418e+06
5.429687500000000486e-04 -1.467112398049258161e+06
5.468750000000000520e-04 -1.460828980359514011e+06
5.507812499999999471e-04 -1.453935508098855847e+06
5.546874999999999506e-04 -1.446417370588453254e+06
5.585937499999999540e-04 -1.438259276542635169e+06
5.624999999999999575e-04 -1.429445349886067444e+06
5.664062499999999610e-04 -1.419959227505310206e+06
5.703124999999999644e-04 -1.409784158310242929e+06
5.742187499999999679e-04 -1.398903103070091922e+06
5.781249999999999714e-04 -1.387298834590304643e+06
5.820312499999999748e-04 -1.374954037907249061e+06
5.859374999999999783e-04 -1.361851410294537200e+06
5.898437499999999818e-04 -1.347973760994010139e+06
5.937499999999999853e-04 -1.333304110702465754e+06
5.976562499999999887e-04 -1.317825790958154248e+06
6.015624999999999922e-04 -1.301522543675084366e+06
6.054687499999999957e-04 -1.284378621164452517e+06
6.093749999999999991e-04 -1.266378887057384476e+06
6.132812500000000026e-04 -1.247508918598169927e+06
6.171875000000000061e-04 -1.227755110809154343e+06
6.210937500000000095e-04 -1.207104783034599852e+06
6.250000000000000130e-04 -1.185546288348753937e+06
6.289062500000000165e-04 -1.163069126261226367e+06
6.328125000000000199e-04 -1.139664059069218347e+06
6.367187500000000234e-04 -1.115323232090552803e+06
6.406250000000000269e-04 -1.090040297863795888e+06
6.445312500000000304e-04 -1.063810544222951168e+06
6.484375000000000338e-04 -1.036631025945901987e+06
6.523437500000000373e-04 -1.008500699440709664e+06
6.562500000000000408e-04 -9.794205596757321618e+05
6.601562500000000442e-04 -9.493937782832789235e+05
6.640625000000000477e-04 -9.184258414781066822e+05
6.679687500000000512e-04 -8.865246861389239784e+05
6.718749999999999462e-04 -8.537008321116656298e+05
6.757812499999999497e-04 -8.199675085173560074e+05
6.796874999999999532e-04 -7.853407715956987813e+05
6.835937499999999566e-04 -7.498396113995505730e+05
6.874999999999999601e-04 -7.134860444874824025e+05
6.914062499999999636e-04 -6.763051896536323475e+05
6.953124999999999670e-04 -6.383253236979958601e+05
6.992187499999999705e-04 -5.995779142868143972e+05
7.031249999999999740e-04 -5.600976270908864681e+05
7.070312499999999774e-04 -5.199223046260051779e+05
7.109374999999999809e-04 -4.790929145577578456e+05
7.148437499999999844e-04 -4.376534656721978681e+05
7.187499999999999879e-04 -3.956508902495945804e+05
7.226562499999999913e-04 -3.531348922011572286e+05
7.265624999999999948e-04 -3.101577610237957560e+05
7.304687499999999983e-04 -2.667741523767407634e+05
7.343750000000000017e-04 -2.230408368629048637e+05
7.382812500000000052e-04 -1.790164193807698612e+05
7.421875000000000087e-04 -1.347610321706613468e+05
7.460937500000000121e-04 -9.033600538312805293e+04
7.500000000000000156e-04 -4.580351961812325317e+04
7.539062500000000191e-04 -1.226245395956351558e+03
7.578125000000000226e-04 4.333302509814744553e+04
7.617187500000000260e-04 8.781174842080454982e+04
7.656250000000000295e-04 1.321479967773678363e+05
7.695312500000000330e-04 1.762808158645309450e+05
7.734375000000000364e-04 2.201505683262118837e+05
7.773437500000000399e-04 2.636992578890033183e+05
7.812500000000000434e-04 3.068708297603260726e+05
7.851562500000000468e-04 3.496114434951515868e+05
7.890625000000000503e-04 3.918697152393779834e+05
7.929687500000000538e-04 4.335969270114550600e+05
7.968749999999999488e-04 4.747472014595621731e+05
8.007812499999999523e-04 5.152776413018364110e+05
8.046874999999999558e-04 5.551484333962054225e+05
8.085937499999999592e-04 5.943229180724767502e+05
8.124999999999999627e-04 6.327676249743337976e+05
8.164062499999999662e-04 6.704522771900064545e+05
8.203124999999999696e-04 7.073497658888770966e+05
8.242187499999999731e-04 7.434360980235055322e+05
8.281249999999999766e-04 7.786903199027221417e+05
8.320312499999999801e-04 8.130944195954753086e+05
8.359374999999999835e-04 8.466332111937840236e+05
8.398437499999999870e-04 8.792942039553519571e+05
8.437499999999999905e-04 9.110674592725638067e+05
8.476562499999999939e-04 9.419454382856878219e+05
8.515624999999999974e-04 9.719228427856285125e+05
8.554687500000000009e-04 1.000996451846271520e+06
8.593750000000000043e-04 1.029164956398721319e+06
8.632812500000000078e-04 1.056428793718782719e+06
8.671875000000000113e-04 1.082789983552962774e+06
8.710937500000000147e-04 1.108251967364008306e+06
8.750000000000000182e-04 1.132819451940084575e+06
8.789062500000000217e-04 1.156498258386578877e+06
8.828125000000000252e-04 1.179295177309439983e+06
8.867187500000000286e-04 1.201217830806154292e+06
8.906250000000000321e-04 1.222274541706306860e+06
8.945312500000000356e-04 1.242474210348746274e+06
8.984375000000000390e-04 1.261826199046686059e+06
9.023437500000000425e-04 1.280340224275111454e+06
9.062500000000000460e-04 1.298026256515747868e+06
9.101562500000000494e-04 1.314894427612483269e+06
9.140625000000000529e-04 1.330954945423124824e+06
9.179687499999999480e-04 1.346218015500415349e+06
9.218749999999999514e-04 1.360693769494764740e+06
9.257812499999999549e-04 1.374392199941795086e+06
9.296874999999999584e-04 1.387323101078137988e+06
9.335937499999999618e-04 1.399496015317609999e+06
9.374999999999999653e-04 1.410920185015740572e+06
9.414062499999999688e-04 1.421604509152444080e+06
9.453124999999999722e-04 1.431557504569480196e+06
9.492187499999999757e-04 1.440787271410231013e+06
9.531249999999999792e-04 1.449301462423534831e+06
9.570312499999999827e-04 1.457107255810087314e+06
9.609374999999999861e-04 1.464211331308728782e+06
9.648437499999999896e-04 1.470619849240217358e+06
9.687499999999999931e-04 1.476338432247492019e+06
9.726562499999999965e-04 1.481372149493554840e+06
9.765625000000000000e-04 1.485725503100739093e+06
9.804687500000000035e-04 1.489402416638029041e+06
9.843750000000000069e-04 1.492406225486106705e+06
9.882812500000000104e-04 1.494739668932831148e+06
9.921875000000000139e-04 1.496404883874810534e+06
9.960937500000000173e-04 1.497403400023564696e+06
1.000000000000000021e-03 1.497736136537504848e+06
1.003906250000000024e-03 1.497466638076563366e+06
1.007812500000000028e-03 1.496695312469906174e+06
1.011718750000000031e-03 1.495407391523443628e+06
1.015625000000000035e-03 1.493599326000229223e+06
1.019531250000000038e-03 1.491266183066380443e+06
1.023437500000000042e-03 1.488401681847854517e+06
1.027343750000000045e-03 1.484998238388049183e+06
1.031250000000000049e-03 1.481047019462920725e+06
1.035156250000000052e-03 1.476538004617026309e+06
1.039062500000000056e-03 1.471460055706109153e+06
1.042968750000000059e-03 1.465800993171427865e+06
1.046875000000000062e-03 1.459547678229531506e+06
1.050781250000000066e-03 1.452686100139583228e+06
1.054687500000000069e-03 1.445201467709210468e+06
1.058593750000000073e-03 1.437078304219179554e+06
1.062500000000000076e-03 1.428300544986446621e+06
1.066406250000000080e-03 1.418851636843232671e+06
1.070312500000000083e-03 1.408714638885111548e+06
1.074218750000000087e-03 1.397872323931587627e+06
1.078125000000000090e-03 1.386307280245720642e+06
1.082031250000000094e-03 1.374002013172025559e+06
1.085937500000000097e-03 1.360939046470883070e+06
1.089843750000000101e-03 1.347101023249382852e+06
1.093750000000000104e-03 1.332470806509167887e+06
1.097656250000000108e-03 1.317031579447504599e+06
1.101562499999999894e-03 1.300766945754590211e+06
1.105468749999999898e-03 1.283661030244099442e+06
1.109374999999999901e-03 1.265698580231542001e+06
1.113281249999999905e-03 1.246865068132464541e+06
1.117187499999999908e-03 1.227146795786872972e+06
1.121093749999999912e-03 1.206531001024459256e+06
1.124999999999999915e-03 1.185005966964971740e+06
1.128906249999999918e-03 1.162561134497424122e+06
1.132812499999999922e-03 1.139187218299492961e+06
1.136718749999999925e-03 1.114876326643714216e+06
1.140624999999999929e-03 1.089622085089998320e+06
1.144531249999999932e-03 1.063419763985415455e+06
1.148437499999999936e-03 1.036266409483860829e+06
1.152343749999999939e-03 1.008160977562829969e+06
1.156249999999999943e-03 9.791044702558733989e+05
1.160156249999999946e-03 9.491000730423108907e+05
1.164062499999999950e-03 9.181532920464905910e+05
1.167968749999999953e-03 8.862720894047298934e+05
1.171874999999999957e-03 8.534670148675623350e+05
1.175781249999999960e-03 8.197513314278423786e+05
1.179687499999999964e-03 7.851411325123646529e+05
1.183593749999999967e-03 7.496554480575856287e+05
1.187499999999999971e-03 7.133163366208537482e+05
1.191406249999999974e-03 6.761489605695842765e+05
1.195312499999999977e-03 6.381816413536822656e+05
1.199218749999999981e-03 5.994458919121481013e+05
1.203124999999999984e-03 5.599764234021374723e+05
1.207031249999999988e-03 5.198111236743973568e+05
1.210937499999999991e-03 4.789910052564156358e+05
1.214843749999999995e-03 4.375601210433617816e+05
1.218749999999999998e-03 3.955654464322045678e+05
1.222656250000000002e-03 3.530567272566697211e+05
1.226562500000000005e-03 3.100862935757208033e+05
1.230468750000000009e-03 2.667088401167514967e+05
1.234375000000000012e-03 2.229811749536781572e+05
1.238281250000000016e-03 1.789619387829668121e+05
1.242187500000000019e-03 1.347112979187212186e+05
1.246093750000000023e-03 9.029061483184962708e+04
1.250000000000000026e-03 4.576210067953446560e+04
1.253906250000000029e-03 1.188454783019233219e+03
1.257812500000000033e-03 -4.336750360618507693e+04
1.261718750000000036e-03 -8.784320567862599273e+04
1.265625000000000040e-03 -1.321766999299945019e+05
1.269531250000000043e-03 -1.763070099508822022e+05
1.273437500000000047e-03 -2.201744778232418757e+05
1.277343750000000050e-03 -2.637210881912562181e+05
1.281250000000000054e-03 -3.068907685911335284e+05
1.285156250000000057e-03 -3.496296622469412396e+05
1.289062500000000061e-03 -3.918863702416084125e+05
1.292968750000000064e-03 -4.336121607257073047e+05
1.296875000000000068e-03 -4.747611436020468245e+05
1.300781250000000071e-03 -5.152904098943276913e+05
1.304687500000000075e-03 -5.551601357469938230e+05
1.308593750000000078e-03 -5.943336516893221997e+05
1.312500000000000082e-03 -6.327774784119034884e+05
1.316406250000000085e-03 -6.704613308344539255e+05
1.320312500000000088e-03 -7.073580926825380884e+05
1.324218750000000092e-03 -7.434437641327402089e+05
1.328125000000000095e-03 -7.786973853321140632e+05
1.332031250000000099e-03 -8.131009387515493436e+05
1.335937500000000102e-03 -8.466392334014675580e+05
1.339843750000000106e-03 -8.792997739303414710e+05
1.343749999999999892e-03 -9.110726175526386360e+05
1.347656249999999896e-03 -9.419502216240239795e+05
1.351562499999999899e-03 -9.719272845089160837e+05
1.355468749999999903e-03 -1.001000582180427620e+06
1.359374999999999906e-03 -1.029168802764793858e+06
1.363281249999999910e-03 -1.056432381001477595e+06
1.367187499999999913e-03 -1.082793334344143746e+06
1.371093749999999917e-03 -1.108255102183292620e+06
1.374999999999999920e-03 -1.132822389434576035e+06
1.378906249999999924e-03 -1.156501015511581674e+06
1.382812499999999927e-03 -1.179297769491904881e+06
1.386718749999999931e-03 -1.201220272092426661e+06
1.390624999999999934e-03 -1.222276844895658316e+06
1.394531249999999938e-03 -1.242476387114031240e+06
1.398437499999999941e-03 -1.261828260043340735e+06
1.402343749999999944e-03 -1.280342179239638150e+06
1.406249999999999948e-03 -1.298028114354691934e+06
1.410156249999999951e-03 -1.314896196482845349e+06
1.414062499999999955e-03 -1.330956632805048255e+06
1.417968749999999958e-03 -1.346219628262928454e+06
1.421874999999999962e-03 -1.360695313955260906e+06
1.425781249999999965e-03 -1.374393681919897441e+06
1.429687499999999969e-03 -1.387324525944515364e+06
1.433593749999999972e-03 -1.399497388038259000e+06
1.437499999999999976e-03 -1.410921510192208923e+06
1.441406249999999979e-03 -1.421605791058415780e+06
1.445312499999999983e-03 -1.431558747184111504e+06
1.449218749999999986e-03 -1.440788478448581882e+06
1.453124999999999990e-03 -1.449302637364412192e+06
1.457031249999999993e-03 -1.457108401921592187e+06
1.460937499999999997e-03 -1.464212451671761693e+06
1.464843750000000000e-03 -1.470620946770187002e+06
1.468750000000000003e-03 -1.476339509714437881e+06
1.472656250000000007e-03 -1.481373209540892160e+06
1.476562500000000010e-03 -1.485726548262803117e+06
1.480468750000000014e-03 -1.489403449356595520e+06
1.484375000000000017e-03 -1.492407248126043007e+06
1.488281250000000021e-03 -1.494740683797030710e+06
1.492187500000000024e-03 -1.496405893218551064e+06
1.496093750000000028e-03 -1.497404406068422832e+06
1.500000000000000031e-03 -1.497737141484961845e+06
1.503906250000000035e-03 -1.497467642355646938e+06
1.507812500000000038e-03 -1.496696313691225369e+06
1.511718750000000042e-03 -1.495408387670218712e+06
1.515625000000000045e-03 -1.493600315088027623e+06
1.519531250000000049e-03 -1.491267163155566668e+06
1.523437500000000052e-03 -1.488402651055555791e+06
1.527343750000000056e-03 -1.484999194899514783e+06
1.531250000000000059e-03 -1.481047961542157922e+06
1.535156250000000062e-03 -1.476538930616604630e+06
1.539062500000000066e-03 -1.471460964076041477e+06
1.542968750000000069e-03 -1.465801882467043353e+06
1.546875000000000073e-03 -1.459548547118279850e+06
1.550781250000000076e-03 -1.452686947406712687e+06
1.554687500000000080e-03 -1.445202292262287578e+06
1.558593750000000083e-03 -1.437079105091430247e+06
1.562500000000000087e-03 -1.428301321338913869e+06
1.566406250000000090e-03 -1.418852387965766015e+06
1.570312500000000094e-03 -1.408715364196210168e+06
1.574218750000000097e-03 -1.397873022977148648e+06
1.578125000000000101e-03 -1.386307952696734807e+06
1.582031250000000104e-03 -1.374002658821300603e+06
1.585937500000000108e-03 -1.360939665228860918e+06
1.589843749999999894e-03 -1.347101615139149362e+06
1.593749999999999898e-03 -1.332471371660736855e+06
1.597656249999999901e-03 -1.317032118091483135e+06
1.601562499999999905e-03 -1.300767458215325838e+06
1.605468749999999908e-03 -1.283661516932418570e+06
1.609374999999999912e-03 -1.265699041637166170e+06
1.613281249999999915e-03 -1.246865504816232948e+06
1.617187499999999918e-03 -1.227147208372842986e+06
1.621093749999999922e-03 -1.206531390192002989e+06
1.624999999999999925e-03 -1.185006333440934541e+06
1.628906249999999929e-03 -1.162561479048446286e+06
1.632812499999999932e-03 -1.139187541724543786e+06
1.636718749999999936e-03 -1.114876629766925471e+06
1.640624999999999939e-03 -1.089622368753837422e+06
1.644531249999999943e-03 -1.063420029044243274e+06
1.648437499999999946e-03 -1.036266656797927106e+06
1.652343749999999950e-03 -1.008161207992703887e+06
1.656249999999999953e-03 -9.791046846573700896e+05
1.660156249999999957e-03 -9.491002722618797561e+05
1.664062499999999960e-03 -9.181534769171110820e+05
1.667968749999999964e-03 -8.862722607422713190e+05
1.671874999999999967e-03 -8.534671734676376218e+05
1.675781249999999971e-03 -8.197514780631152680e+05
1.679687499999999974e-03 -7.851412679302927572e+05
1.683593749999999977e-03 -7.496555729785950389e+05
1.687499999999999981e-03 -7.133164517368959496e+05
1.691406249999999984e-03 -6.761490665430761874e+05
1.695312499999999988e-03 -6.381817388167624595e+05
1.699218749999999991e-03 -5.994459814662644640e+05
1.703124999999999995e-03 -5.599765056178887608e+05
1.707031249999999998e-03 -5.198111990916436189e+05
1.710937500000000002e-03 -4.789910743845973047e+05
1.714843750000000005e-03 -4.375601843620026484e+05
1.718750000000000009e-03 -3.955655043915902497e+05
1.722656250000000012e-03 -3.530567802786497632e+05
1.726562500000000016e-03 -3.100863420546412817e+05
1.730468750000000019e-03 -2.667088844204557827e+05
1.734375000000000023e-03 -2.229812154245983111e+05
1.738281250000000026e-03 -1.789619757392582542e+05
1.742187500000000029e-03 -1.347113316554235062e+05
1.746093750000000033e-03 -9.029064562208848656e+04
1.750000000000000036e-03 -4.576212877547788958e+04
1.753906250000000040e-03 -1.188480417679272705e+03
1.757812500000000043e-03 4.336748021822086594e+04
1.761718750000000047e-03 8.784318434006134339e+04
1.765625000000000050e-03 1.321766804596248548e+05
1.769531250000000054e-03 1.763069921824914345e+05
1.773437500000000057e-03 2.201744616045592993e+05
1.777343750000000061e-03 2.637210733829588862e+05
1.781250000000000064e-03 3.068907550658842083e+05
1.785156250000000068e-03 3.496296498884799075e+05
1.789062500000000071e-03 3.918863589438924100e+05
1.792968750000000075e-03 4.336121503921008552e+05
1.796875000000000078e-03 4.747611341445564758e+05
1.800781250000000082e-03 5.152904012329014950e+05
1.804687500000000085e-03 5.551601278088381514e+05
1.808593750000000088e-03 5.943336444082942326e+05
1.812500000000000092e-03 6.327774717279337347e+05
1.816406250000000095e-03 6.704613246930135647e+05
1.820312500000000099e-03 7.073580870341478148e+05
1.824218750000000102e-03 7.434437589325173758e+05
1.828125000000000106e-03 7.786973805393552175e+05
1.832031249999999892e-03 8.131009343293460552e+05
1.835937499999999896e-03 8.466392293163635768e+05
1.839843749999999899e-03 8.792997701520042028e+05
1.843749999999999903e-03 9.110726140535724116e+05
1.847656249999999906e-03 9.419502183792951982e+05
1.851562499999999910e-03 9.719272814959160751e+05
1.855468749999999913e-03 1.001000579378657159e+06
1.859374999999999917e-03 1.029168800155650009e+06
1.863281249999999920e-03 1.056432378568080254e+06
1.867187499999999924e-03 1.082793332071167883e+06
1.871093749999999927e-03 1.108255100056818919e+06
1.874999999999999931e-03 1.132822387441955507e+06
1.878906249999999934e-03 1.156501013641312951e+06
1.882812499999999938e-03 1.179297767733523389e+06
1.886718749999999941e-03 1.201220270436403807e+06
1.890624999999999944e-03 1.222276843333312310e+06
1.894531249999999948e-03 1.242476385637443746e+06
1.898437499999999951e-03 1.261828258645283757e+06
1.902343749999999955e-03 1.280342177913506981e+06
1.906249999999999958e-03 1.298028113094444852e+06
1.910156249999999962e-03 1.314896195282949368e+06
1.914062499999999965e-03 1.330956631660429295e+06
1.917968749999999969e-03 1.346219627168926643e+06
1.921874999999999972e-03 1.360695312907590996e+06
1.925781249999999976e-03 1.374393680914611788e+06
1.929687499999999979e-03 1.387324524977970868e+06
1.933593749999999983e-03 1.399497387107086834e+06
1.937499999999999986e-03 1.410921509293287992e+06
1.941406249999999990e-03 1.421605790188846877e+06
1.945312499999999993e-03 1.431558746341195656e+06
1.949218749999999997e-03 1.440788477629798464e+06
1.953125000000000000e-03 1.449302636567402165e+06
1.957031250000000003e-03 1.457108401144138537e+06
1.960937500000000007e-03 1.464212450911774300e+06
1.964843750000000010e-03 1.470620946025688201e+06
1.968750000000000014e-03 1.476339508983548731e+06
1.972656250000000017e-03 1.481373208821819397e+06
1.976562500000000021e-03 1.485726547553827520e+06
1.980468750000000024e-03 1.489403448656060966e+06
1.984375000000000028e-03 1.492407247432345059e+06
1.988281250000000031e-03 1.494740683108607540e+06
1.992187500000000035e-03 1.496405892533872509e+06
1.996093750000000038e-03 1.497404405385982012e+06
2.000000000000000042e-03 1.497737140803265385e+06
2.003906250000000045e-03 1.497467641674404033e+06
2.007812500000000049e-03 1.496696313012056518e+06
2.011718750000000052e-03 1.495408386994492030e+06
2.015625000000000056e-03 1.493600314417089568e+06
2.019531250000000059e-03 1.491267162490732968e+06
2.023437500000000062e-03 1.488402650398103055e+06
2.027343750000000066e-03 1.484999194250674685e+06
2.031250000000000069e-03 1.481047960903107654e+06
2.035156250000000073e-03 1.476538929988462012e+06
2.039062500000000076e-03 1.471460963459857740e+06
2.042968750000000080e-03 1.465801881863798480e+06
2.046875000000000083e-03 1.459548546528877923e+06
2.050781250000000087e-03 1.452686946831977461e+06
2.054687500000000090e-03 1.445202291702960152e+06
2.058593750000000094e-03 1.437079104548166506e+06
2.062500000000000097e-03 1.428301320812282851e+06
2.066406250000000101e-03 1.418852387456249446e+06
2.070312500000000104e-03 1.408715363704202697e+06
2.074218750000000108e-03 1.397873022502958309e+06
2.078125000000000111e-03 1.386307952240584418e+06
2.082031250000000114e-03 1.374002658383331262e+06
2.085937500000000118e-03 1.360939664809132926e+06
2.089843750000000121e-03 1.347101614737646189e+06
2.093750000000000125e-03 1.332471371277371189e+06
2.097656250000000128e-03 1.317032117726098746e+06
2.101562500000000132e-03 1.300767457867703633e+06
2.105468750000000135e-03 1.283661516602277290e+06
2.109375000000000139e-03 1.265699041324176826e+06
2.113281250000000142e-03 1.246865504520012066e+06
2.117187500000000146e-03 1.227147208092969842e+06
2.121093750000000149e-03 1.206531389928014018e+06
2.125000000000000153e-03 1.185006333192338469e+06
2.128906250000000156e-03 1.162561478814722737e+06
2.132812500000000160e-03 1.139187541505150730e+06
2.136718750000000163e-03 1.114876629561305512e+06
2.140625000000000167e-03 1.089622368561415933e+06
2.144531250000000170e-03 1.063420028864444233e+06
2.148437500000000173e-03 1.036266656630162965e+06
2.152343750000000177e-03 1.008161207836395246e+06
2.156250000000000180e-03 9.791046845119319623e+05
2.160156250000000184e-03 9.491002721267403103e+05
2.164062500000000187e-03 9.181534767917050049e+05
2.167968750000000191e-03 8.862722606260451721e+05
2.171875000000000194e-03 8.534671733600540319e+05
2.175781250000000198e-03 8.197514779636454768e+05
2.179687500000000201e-03 7.851412678384346655e+05
2.183593750000000205e-03 7.496555728938546963e+05
2.187500000000000208e-03 7.133164516588096740e+05
2.191406250000000212e-03 6.761490664711889112e+05
2.195312500000000215e-03 6.381817387506479863e+05
2.199218749999999785e-03 5.994459814055177849e+05
2.203124999999999788e-03 5.599765055621226784e+05
2.207031249999999792e-03 5.198111990404890385e+05
2.210937499999999795e-03 4.789910743377087056e+05
2.214843749999999799e-03 4.375601843190545915e+05
2.218749999999999802e-03 3.955655043522773194e+05
2.222656249999999806e-03 3.530567802426861599e+05
2.226562499999999809e-03 3.100863420217564562e+05
2.230468749999999813e-03 2.667088843904062524e+05
2.234374999999999816e-03 2.229812153971488588e+05
2.238281249999999820e-03 1.789619757141924638e+05
2.242187499999999823e-03 1.347113316325416672e+05
2.246093749999999827e-03 9.029064560120638635e+04
2.249999999999999830e-03 4.576212875660579448e+04
2.253906249999999833e-03 1.188480400460844066e+03
2.257812499999999837e-03 -4.336748023392744653e+04
2.261718749999999840e-03 -8.784318435439639143e+04
2.265624999999999844e-03 -1.321766804727021954e+05
2.269531249999999847e-03 -1.763069921944261878e+05
2.273437499999999851e-03 -2.201744616154529795e+05
2.277343749999999854e-03 -2.637210733929050621e+05
2.281249999999999858e-03 -3.068907550749685615e+05
2.285156249999999861e-03 -3.496296498967803782e+05
2.289062499999999865e-03 -3.918863589514801861e+05
2.292968749999999868e-03 -4.336121503990410129e+05
2.296874999999999872e-03 -4.747611341509110644e+05
2.300781249999999875e-03 -5.152904012387183611e+05
2.304687499999999879e-03 -5.551601278141692746e+05
2.308593749999999882e-03 -5.943336444131840253e+05
2.312499999999999886e-03 -6.327774717324223602e+05
2.316406249999999889e-03 -6.704613246971378103e+05
2.320312499999999892e-03 -7.073580870379408589e+05
2.324218749999999896e-03 -7.434437589360118145e+05
2.328124999999999899e-03 -7.786973805425732862e+05
2.332031249999999903e-03 -8.131009343323177891e+05
2.335937499999999906e-03 -8.466392293191088829e+05
2.339843749999999910e-03 -8.792997701545434538e+05
2.343749999999999913e-03 -9.110726140559240011e+05
2.347656249999999917e-03 -9.419502183814762393e+05
2.351562499999999920e-03 -9.719272814979411196e+05
2.355468749999999924e-03 -1.001000579380540294e+06
2.359374999999999927e-03 -1.029168800157403923e+06
2.363281249999999931e-03 -1.056432378569716122e+06
2.367187499999999934e-03 -1.082793332072695950e+06
2.371093749999999938e-03 -1.108255100058248267e+06
2.374999999999999941e-03 -1.132822387443294981e+06
2.378906249999999944e-03 -1.156501013642570237e+06
2.382812499999999948e-03 -1.179297767734705238e+06
2.386718749999999951e-03 -1.201220270437515806e+06
2.390624999999999955e-03 -1.222276843334362842e+06
2.394531249999999958e-03 -1.242476385638436768e+06
2.398437499999999962e-03 -1.261828258646223927e+06
2.402343749999999965e-03 -1.280342177914398722e+06
2.406249999999999969e-03 -1.298028113095292356e+06
2.410156249999999972e-03 -1.314896195283756126e+06
2.414062499999999976e-03 -1.330956631661199033e+06
2.417968749999999979e-03 -1.346219627169662388e+06
2.421874999999999983e-03 -1.360695312908294611e+06
2.425781249999999986e-03 -1.374393680915287929e+06
2.429687499999999990e-03 -1.387324524978620932e+06
2.433593749999999993e-03 -1.399497387107713148e+06
2.437499999999999997e-03 -1.410921509293892654e+06
2.441406250000000000e-03 -1.421605790189431980e+06
2.445312500000000003e-03 -1.431558746341762599e+06
2.449218750000000007e-03 -1.440788477630349109e+06
2.453125000000000010e-03 -1.449302636567938607e+06
2.457031250000000014e-03 -1.457108401144661242e+06
2.460937500000000017e-03 -1.464212450912285596e+06
2.464843750000000021e-03 -1.470620946026188787e+06
2.468750000000000024e-03 -1.476339508984040236e+06
2.472656250000000028e-03 -1.481373208822302986e+06
2.476562500000000031e-03 -1.485726547554304590e+06
2.480468750000000035e-03 -1.489403448656532215e+06
2.484375000000000038e-03 -1.492407247432811651e+06
2.488281250000000042e-03 -1.494740683109070640e+06
2.492187500000000045e-03 -1.496405892534333281e+06
2.496093750000000049e-03 -1.497404405386441154e+06
2.500000000000000052e-03 -1.497737140803724062e+06
2.503906250000000056e-03 -1.497467641674862243e+06
2.507812500000000059e-03 -1.496696313012513332e+06
2.511718750000000062e-03 -1.495408386994946748e+06
2.515625000000000066e-03 -1.493600314417540794e+06
2.519531250000000069e-03 -1.491267162491180236e+06
2.523437500000000073e-03 -1.488402650398545433e+06
2.527343750000000076e-03 -1.484999194251111243e+06
2.531250000000000080e-03 -1.481047960903537693e+06
2.535156250000000083e-03 -1.476538929988884833e+06
2.539062500000000087e-03 -1.471460963460272178e+06
2.542968750000000090e-03 -1.465801881864204304e+06
2.546875000000000094e-03 -1.459548546529274667e+06
2.550781250000000097e-03 -1.452686946832364891e+06
2.554687500000000101e-03 -1.445202291703336639e+06
2.558593750000000104e-03 -1.437079104548532283e+06
2.562500000000000108e-03 -1.428301320812637918e+06
2.566406250000000111e-03 -1.418852387456591940e+06
2.570312500000000114e-03 -1.408715363704534015e+06
2.574218750000000118e-03 -1.397873022503277520e+06
2.578125000000000121e-03 -1.386307952240892453e+06
2.582031250000000125e-03 -1.374002658383625094e+06
2.585937500000000128e-03 -1.360939664809415583e+06
2.589843750000000132e-03 -1.347101614737917669e+06
2.593750000000000135e-03 -1.332471371277628466e+06
2.597656250000000139e-03 -1.317032117726344848e+06
2.601562500000000142e-03 -1.300767457867937861e+06
2.605468750000000146e-03 -1.283661516602501040e+06
2.609375000000000149e-03 -1.265699041324386140e+06
2.613281250000000153e-03 -1.246865504520211369e+06
2.617187500000000156e-03 -1.227147208093158202e+06
2.621093750000000160e-03 -1.206531389928193530e+06
2.625000000000000163e-03 -1.185006333192505874e+06
2.628906250000000167e-03 -1.162561478814880131e+06
2.632812500000000170e-03 -1.139187541505300207e+06
2.636718750000000173e-03 -1.114876629561442416e+06
2.640625000000000177e-03 -1.089622368561545620e+06
2.644531250000000180e-03 -1.063420028864565305e+06
2.648437500000000184e-03 -1.036266656630278099e+06
2.652343750000000187e-03 -1.008161207836498623e+06
2.656250000000000191e-03 -9.791046845120301004e+05
2.660156250000000194e-03 -9.491002721268337918e+05
2.664062500000000198e-03 -9.181534767917874269e+05
2.667968750000000201e-03 -8.862722606261237524e+05
2.671875000000000205e-03 -8.534671733601267915e+05
2.675781250000000208e-03 -8.197514779637153260e+05
2.679687500000000212e-03 -7.851412678384942701e+05
2.683593750000000215e-03 -7.496555728939120891e+05
2.687499999999999785e-03 -7.133164516588675324e+05
2.691406249999999788e-03 -6.761490664712400176e+05
2.695312499999999792e-03 -6.381817387506980449e+05
2.699218749999999795e-03 -5.994459814055612078e+05
2.703124999999999799e-03 -5.599765055621572537e+05
2.707031249999999802e-03 -5.198111990405233810e+05
2.710937499999999806e-03 -4.789910743377402541e+05
2.714843749999999809e-03 -4.375601843190864311e+05
2.718749999999999813e-03 -3.955655043523009517e+05
2.722656249999999816e-03 -3.530567802427103743e+05
2.726562499999999820e-03 -3.100863420217813691e+05
2.730468749999999823e-03 -2.667088843904232490e+05
2.734374999999999827e-03 -2.229812153971671360e+05
2.738281249999999830e-03 -1.789619757142092858e+05
2.742187499999999833e-03 -1.347113316325613123e+05
2.746093749999999837e-03 -9.029064560121443355e+04
2.749999999999999840e-03 -4.576212875660537975e+04
2.753906249999999844e-03 -1.188480400348629473e+03
2.757812499999999847e-03 4.336748023402770195e+04
2.761718749999999851e-03 8.784318435449077515e+04
2.765624999999999854e-03 1.321766804727869749e+05
2.769531249999999858e-03 1.763069921945004025e+05
2.773437499999999861e-03 2.201744616155269905e+05
2.777343749999999865e-03 2.637210733929699636e+05
2.781249999999999868e-03 3.068907550750279916e+05
2.785156249999999872e-03 3.496296498968314845e+05
2.789062499999999875e-03 3.918863589515328058e+05
2.792968749999999879e-03 4.336121503990862984e+05
2.796874999999999882e-03 4.747611341509495396e+05
2.800781249999999886e-03 5.152904012387591065e+05
2.804687499999999889e-03 5.551601278142040828e+05
2.808593749999999892e-03 5.943336444132159231e+05
2.812499999999999896e-03 6.327774717324490193e+05
2.816406249999999899e-03 6.704613246971673798e+05
2.820312499999999903e-03 7.073580870379656553e+05
2.824218749999999906e-03 7.434437589360319544e+05
2.828124999999999910e-03 7.786973805425917963e+05
2.832031249999999913e-03 8.131009343323373469e+05
2.835937499999999917e-03 8.466392293191269273e+05
2.839843749999999920e-03 8.792997701545578893e+05
2.843749999999999924e-03 9.110726140559415799e+05
2.847656249999999927e-03 9.419502183814904420e+05
2.851562499999999931e-03 9.719272814979541581e+05
2.855468749999999934e-03 1.001000579380550538e+06
2.859374999999999938e-03 1.029168800157414982e+06
2.863281249999999941e-03 1.056432378569726367e+06
2.867187499999999944e-03 1.082793332072703633e+06
2.871093749999999948e-03 1.108255100058259442e+06
2.874999999999999951e-03 1.132822387443303596e+06
2.878906249999999955e-03 1.156501013642578386e+06
2.882812499999999958e-03 1.179297767734711291e+06
2.886718749999999962e-03 1.201220270437524654e+06
2.890624999999999965e-03 1.222276843334369594e+06
2.894531249999999969e-03 1.242476385638441192e+06
2.898437499999999972e-03 1.261828258646230912e+06
2.902343749999999976e-03 1.280342177914404310e+06
2.906249999999999979e-03 1.298028113095297478e+06
2.910156249999999983e-03 1.314896195283760084e+06
2.914062499999999986e-03 1.330956631661204621e+06
2.917968749999999990e-03 1.346219627169666812e+06
2.921874999999999993e-03 1.360695312908299034e+06
2.925781249999999997e-03 1.374393680915290955e+06
2.929687500000000000e-03 1.387324524978624890e+06
2.933593750000000003e-03 1.399497387107716873e+06
2.937500000000000007e-03 1.410921509293895448e+06
2.941406250000000010e-03 1.421605790189435938e+06
2.945312500000000014e-03 1.431558746341766091e+06
2.949218750000000017e-03 1.440788477630352369e+06
2.953125000000000021e-03 1.449302636567940935e+06
2.957031250000000024e-03 1.457108401144664735e+06
2.960937500000000028e-03 1.464212450912288390e+06
2.964843750000000031e-03 1.470620946026191348e+06
2.968750000000000035e-03 1.476339508984043496e+06
2.972656250000000038e-03 1.481373208822305780e+06
2.976562500000000042e-03 1.485726547554307152e+06
2.980468750000000045e-03 1.489403448656534543e+06
2.984375000000000049e-03 1.492407247432814445e+06
2.988281250000000052e-03 1.494740683109073201e+06
2.992187500000000056e-03 1.496405892534335610e+06
2.996093750000000059e-03 1.497404405386443483e+06
