0.000000000000000000e+00 0.000000000000000000e+00
1.953125000000000000e-03 1.227153828571992539e-02
3.906250000000000000e-03 2.454122852291228812e-02
5.859375000000000000e-03 3.680722294135883171e-02
7.812500000000000000e-03 4.906767432741801493e-02
9.765625000000000000e-03 6.132073630220857829e-02
1.171875000000000000e-02 7.356456359966742631e-02
1.367187500000000000e-02 8.579731234443989385e-02
1.562500000000000000e-02 9.801714032956060363e-02
1.757812500000000000e-02 1.102222072938830733e-01
1.953125000000000000e-02 1.224106751992161818e-01
2.148437500000000000e-02 1.345807085071261677e-01
2.343750000000000000e-02 1.467304744553617479e-01
2.539062500000000000e-02 1.588581433338614457e-01
2.734375000000000000e-02 1.709618887603012449e-01
2.929687500000000000e-02 1.830398879551409508e-01
3.125000000000000000e-02 1.950903220161282481e-01
3.320312500000000000e-02 2.071113761922185326e-01
3.515625000000000000e-02 2.191012401568697698e-01
3.710937500000000000e-02 2.310581082806711095e-01
3.906250000000000000e-02 2.429801799032638432e-01
4.101562500000000000e-02 2.548656596045145717e-01
4.296875000000000000e-02 2.667127574748983654e-01
4.492187500000000000e-02 2.785196893850530597e-01
4.687500000000000000e-02 2.902846772544623311e-01
4.882812500000000000e-02 3.020059493192280842e-01
5.078125000000000000e-02 3.136817403988915176e-01
5.273437500000000000e-02 3.253102921622629262e-01
5.468750000000000000e-02 3.368898533922200511e-01
5.664062500000000000e-02 3.484186802494345647e-01
5.859375000000000000e-02 3.598950365349881109e-01
6.054687500000000000e-02 3.713171939518375431e-01
6.250000000000000000e-02 3.826834323650897818e-01
6.445312500000000000e-02 3.939920400610480988e-01
6.640625000000000000e-02 4.052413140049898610e-01
6.835937500000000000e-02 4.164295600976371525e-01
7.031250000000000000e-02 4.275550934302820849e-01
7.226562500000000000e-02 4.386162385385276585e-01
7.421875000000000000e-02 4.496113296546064841e-01
7.617187500000000000e-02 4.605387109582400607e-01
7.812500000000000000e-02 4.713967368259976976e-01
8.007812500000000000e-02 4.821837720791227189e-01
8.203125000000000000e-02 4.928981922297839824e-01
8.398437500000000000e-02 5.035383837257175754e-01
8.593750000000000000e-02 5.141027441932216613e-01
8.789062500000000000e-02 5.245896826784689493e-01
8.984375000000000000e-02 5.349976198870971533e-01
9.179687500000000000e-02 5.453249884220464638e-01
9.375000000000000000e-02 5.555702330196022887e-01
9.570312500000000000e-02 5.657318107836131205e-01
9.765625000000000000e-02 5.758081914178453387e-01
9.960937500000000000e-02 5.857978574564388641e-01
1.015625000000000000e-01 5.956993044924333569e-01
1.035156250000000000e-01 6.055110414043255451e-01
1.054687500000000000e-01 6.152315905806268193e-01
1.074218750000000000e-01 6.248594881423863434e-01
1.093750000000000000e-01 6.343932841636454878e-01
1.113281250000000000e-01 6.438315428897913861e-01
1.132812500000000000e-01 6.531728429537767555e-01
1.152343750000000000e-01 6.624157775901717837e-01
1.171875000000000000e-01 6.715589548470183301e-01
1.191406250000000000e-01 6.806009977954530221e-01
1.210937500000000000e-01 6.895405447370668295e-01
1.230468750000000000e-01 6.983762494089730266e-01
1.250000000000000000e-01 7.071067811865474617e-01
1.269531250000000000e-01 7.157308252838185947e-01
1.289062500000000000e-01 7.242470829514668917e-01
1.308593750000000000e-01 7.326542716724128157e-01
1.328125000000000000e-01 7.409511253549589949e-01
1.347656250000000000e-01 7.491363945234592592e-01
1.367187500000000000e-01 7.572088465064844565e-01
1.386718750000000000e-01 7.651672656224588476e-01
1.406250000000000000e-01 7.730104533627368824e-01
1.425781250000000000e-01 7.807372285720944882e-01
1.445312500000000000e-01 7.883464276266062276e-01
1.464843750000000000e-01 7.958369046088834553e-01
1.484375000000000000e-01 8.032075314806448318e-01
1.503906250000000000e-01 8.104571982525947682e-01
1.523437500000000000e-01 8.175848131515837114e-01
1.542968750000000000e-01 8.245893027850252910e-01
1.562500000000000000e-01 8.314696123025451246e-01
1.582031250000000000e-01 8.382247055548379677e-01
1.601562500000000000e-01 8.448535652497068948e-01
1.621093750000000000e-01 8.513551931052651955e-01
1.640625000000000000e-01 8.577286100002722291e-01
1.660156250000000000e-01 8.639728561215868075e-01
1.679687500000000000e-01 8.700869911087114605e-01
1.699218750000000000e-01 8.760700941954063792e-01
1.718750000000000000e-01 8.819212643483548275e-01
1.738281250000000000e-01 8.876396204028539350e-01
1.757812500000000000e-01 8.932243011955153245e-01
1.777343750000000000e-01 8.986744656939539277e-01
1.796875000000000000e-01 9.039892931234433382e-01
1.816406250000000000e-01 9.091679830905222692e-01
1.835937500000000000e-01 9.142097557035305799e-01
1.855468750000000000e-01 9.191138516900576594e-01
1.875000000000000000e-01 9.238795325112868495e-01
1.894531250000000000e-01 9.285060804732154782e-01
1.914062500000000000e-01 9.329927988347388457e-01
1.933593750000000000e-01 9.373390119125750708e-01
1.953125000000000000e-01 9.415440651830206953e-01
1.972656250000000000e-01 9.456073253805212797e-01
1.992187500000000000e-01 9.495281805930367858e-01
2.011718750000000000e-01 9.533060403541937511e-01
2.031250000000000000e-01 9.569403357322088244e-01
2.050781250000000000e-01 9.604305194155658976e-01
2.070312500000000000e-01 9.637760657954397292e-01
2.089843750000000000e-01 9.669764710448520706e-01
2.109375000000000000e-01 9.700312531945438632e-01
2.128906250000000000e-01 9.729399522055600658e-01
2.148437500000000000e-01 9.757021300385286811e-01
2.167968750000000000e-01 9.783173707196276547e-01
2.187500000000000000e-01 9.807852804032303196e-01
2.207031250000000000e-01 9.831054874312161740e-01
2.226562500000000000e-01 9.852776423889412216e-01
2.246093750000000000e-01 9.873014181578584347e-01
2.265625000000000000e-01 9.891765099647809034e-01
2.285156250000000000e-01 9.909026354277801207e-01
2.304687500000000000e-01 9.924795345987099671e-01
2.324218750000000000e-01 9.939069700023560605e-01
2.343750000000000000e-01 9.951847266721967067e-01
2.363281250000000000e-01 9.963126121827780013e-01
2.382812500000000000e-01 9.972904566786902070e-01
2.402343750000000000e-01 9.981181129001491792e-01
2.421875000000000000e-01 9.987954562051725160e-01
2.441406250000000000e-01 9.993223845883496548e-01
2.460937500000000000e-01 9.996988186962041389e-01
2.480468750000000000e-01 9.999247018391445030e-01
2.500000000000000000e-01 1.000000000000000000e+00
2.519531250000000000e-01 9.999247018391445030e-01
2.539062500000000000e-01 9.996988186962041389e-01
2.558593750000000000e-01 9.993223845883496548e-01
2.578125000000000000e-01 9.987954562051725160e-01
2.597656250000000000e-01 9.981181129001491792e-01
2.617187500000000000e-01 9.972904566786902070e-01
2.636718750000000000e-01 9.963126121827780013e-01
2.656250000000000000e-01 9.951847266721969287e-01
2.675781250000000000e-01 9.939069700023560605e-01
2.695312500000000000e-01 9.924795345987099671e-01
2.714843750000000000e-01 9.909026354277801207e-01
2.734375000000000000e-01 9.891765099647809034e-01
2.753906250000000000e-01 9.873014181578584347e-01
2.773437500000000000e-01 9.852776423889412216e-01
2.792968750000000000e-01 9.831054874312161740e-01
2.812500000000000000e-01 9.807852804032303196e-01
2.832031250000000000e-01 9.783173707196276547e-01
2.851562500000000000e-01 9.757021300385286811e-01
2.871093750000000000e-01 9.729399522055602878e-01
2.890625000000000000e-01 9.700312531945438632e-01
2.910156250000000000e-01 9.669764710448520706e-01
2.929687500000000000e-01 9.637760657954397292e-01
2.949218750000000000e-01 9.604305194155658976e-01
2.968750000000000000e-01 9.569403357322088244e-01
2.988281250000000000e-01 9.533060403541937511e-01
3.007812500000000000e-01 9.495281805930367858e-01
3.027343750000000000e-01 9.456073253805215018e-01
3.046875000000000000e-01 9.415440651830206953e-01
3.066406250000000000e-01 9.373390119125750708e-01
3.085937500000000000e-01 9.329927988347388457e-01
3.105468750000000000e-01 9.285060804732155892e-01
3.125000000000000000e-01 9.238795325112868495e-01
3.144531250000000000e-01 9.191138516900576594e-01
3.164062500000000000e-01 9.142097557035305799e-01
3.183593750000000000e-01 9.091679830905224913e-01
3.203125000000000000e-01 9.039892931234433382e-01
3.222656250000000000e-01 8.986744656939539277e-01
3.242187500000000000e-01 8.932243011955153245e-01
3.261718750000000000e-01 8.876396204028539350e-01
3.281250000000000000e-01 8.819212643483549385e-01
3.300781250000000000e-01 8.760700941954066012e-01
3.320312500000000000e-01 8.700869911087115716e-01
3.339843750000000000e-01 8.639728561215869185e-01
3.359375000000000000e-01 8.577286100002722291e-01
3.378906250000000000e-01 8.513551931052651955e-01
3.398437500000000000e-01 8.448535652497072279e-01
3.417968750000000000e-01 8.382247055548380787e-01
3.437500000000000000e-01 8.314696123025453467e-01
3.457031250000000000e-01 8.245893027850252910e-01
3.476562500000000000e-01 8.175848131515837114e-01
3.496093750000000000e-01 8.104571982525947682e-01
3.515625000000000000e-01 8.032075314806449429e-01
3.535156250000000000e-01 7.958369046088834553e-01
3.554687500000000000e-01 7.883464276266063386e-01
3.574218750000000000e-01 7.807372285720944882e-01
3.593750000000000000e-01 7.730104533627371044e-01
3.613281250000000000e-01 7.651672656224590696e-01
3.632812500000000000e-01 7.572088465064847895e-01
3.652343750000000000e-01 7.491363945234592592e-01
3.671875000000000000e-01 7.409511253549589949e-01
3.691406250000000000e-01 7.326542716724129267e-01
3.710937500000000000e-01 7.242470829514670028e-01
3.730468750000000000e-01 7.157308252838187057e-01
3.750000000000000000e-01 7.071067811865475727e-01
3.769531250000000000e-01 6.983762494089730266e-01
3.789062500000000000e-01 6.895405447370670515e-01
3.808593750000000000e-01 6.806009977954532442e-01
3.828125000000000000e-01 6.715589548470186632e-01
3.847656250000000000e-01 6.624157775901720058e-01
3.867187500000000000e-01 6.531728429537766445e-01
3.886718750000000000e-01 6.438315428897913861e-01
3.906250000000000000e-01 6.343932841636454878e-01
3.925781250000000000e-01 6.248594881423863434e-01
3.945312500000000000e-01 6.152315905806269303e-01
3.964843750000000000e-01 6.055110414043255451e-01
3.984375000000000000e-01 5.956993044924335790e-01
4.003906250000000000e-01 5.857978574564389751e-01
4.023437500000000000e-01 5.758081914178454497e-01
4.042968750000000000e-01 5.657318107836134535e-01
4.062500000000000000e-01 5.555702330196022887e-01
4.082031250000000000e-01 5.453249884220463528e-01
4.101562500000000000e-01 5.349976198870971533e-01
4.121093750000000000e-01 5.245896826784689493e-01
4.140625000000000000e-01 5.141027441932217723e-01
4.160156250000000000e-01 5.035383837257175754e-01
4.179687500000000000e-01 4.928981922297842044e-01
4.199218750000000000e-01 4.821837720791228854e-01
4.218750000000000000e-01 4.713967368259977531e-01
4.238281250000000000e-01 4.605387109582402272e-01
4.257812500000000000e-01 4.496113296546068727e-01
4.277343750000000000e-01 4.386162385385276030e-01
4.296875000000000000e-01 4.275550934302820849e-01
4.316406250000000000e-01 4.164295600976371525e-01
4.335937500000000000e-01 4.052413140049898610e-01
4.355468750000000000e-01 3.939920400610481543e-01
4.375000000000000000e-01 3.826834323650898373e-01
4.394531250000000000e-01 3.713171939518376541e-01
4.414062500000000000e-01 3.598950365349883329e-01
4.433593750000000000e-01 3.484186802494347313e-01
4.453125000000000000e-01 3.368898533922202732e-01
4.472656250000000000e-01 3.253102921622632038e-01
4.492187500000000000e-01 3.136817403988914066e-01
4.511718750000000000e-01 3.020059493192280287e-01
4.531250000000000000e-01 2.902846772544623311e-01
4.550781250000000000e-01 2.785196893850531152e-01
4.570312500000000000e-01 2.667127574748984764e-01
4.589843750000000000e-01 2.548656596045146827e-01
4.609375000000000000e-01 2.429801799032640375e-01
4.628906250000000000e-01 2.310581082806713038e-01
4.648437500000000000e-01 2.191012401568700196e-01
4.667968750000000000e-01 2.071113761922188101e-01
4.687500000000000000e-01 1.950903220161285812e-01
4.707031250000000000e-01 1.830398879551409230e-01
4.726562500000000000e-01 1.709618887603012172e-01
4.746093750000000000e-01 1.588581433338614457e-01
4.765625000000000000e-01 1.467304744553618034e-01
4.785156250000000000e-01 1.345807085071262788e-01
4.804687500000000000e-01 1.224106751992163483e-01
4.824218750000000000e-01 1.102222072938832537e-01
4.843750000000000000e-01 9.801714032956083955e-02
4.863281250000000000e-01 8.579731234444015753e-02
4.882812500000000000e-01 7.356456359966775937e-02
4.902343750000000000e-01 6.132073630220849503e-02
4.921875000000000000e-01 4.906767432741797330e-02
4.941406250000000000e-01 3.680722294135883171e-02
4.960937500000000000e-01 2.454122852291232629e-02
4.980468750000000000e-01 1.227153828572000692e-02
5.000000000000000000e-01 1.224646799147353207e-16
5.019531250000000000e-01 -1.227153828571976059e-02
5.039062500000000000e-01 -2.454122852291208343e-02
5.058593750000000000e-01 -3.680722294135858191e-02
5.078125000000000000e-01 -4.906767432741772350e-02
5.097656250000000000e-01 -6.132073630220823829e-02
5.117187500000000000e-01 -7.356456359966749570e-02
5.136718750000000000e-01 -8.579731234443992161e-02
5.156250000000000000e-01 -9.801714032956058975e-02
5.175781250000000000e-01 -1.102222072938830039e-01
5.195312500000000000e-01 -1.224106751992160985e-01
5.214843750000000000e-01 -1.345807085071260567e-01
5.234375000000000000e-01 -1.467304744553615814e-01
5.253906250000000000e-01 -1.588581433338612237e-01
5.273437500000000000e-01 -1.709618887603009674e-01
5.292968750000000000e-01 -1.830398879551406732e-01
5.312500000000000000e-01 -1.950903220161283591e-01
5.332031250000000000e-01 -2.071113761922186158e-01
5.351562500000000000e-01 -2.191012401568698253e-01
5.371093750000000000e-01 -2.310581082806711095e-01
5.390625000000000000e-01 -2.429801799032638154e-01
5.410156250000000000e-01 -2.548656596045144607e-01
5.429687500000000000e-01 -2.667127574748981989e-01
5.449218750000000000e-01 -2.785196893850528932e-01
5.468750000000000000e-01 -2.902846772544621645e-01
5.488281250000000000e-01 -3.020059493192278066e-01
5.507812500000000000e-01 -3.136817403988911845e-01
5.527343750000000000e-01 -3.253102921622630928e-01
5.546875000000000000e-01 -3.368898533922201066e-01
5.566406250000000000e-01 -3.484186802494345647e-01
5.585937500000000000e-01 -3.598950365349881109e-01
5.605468750000000000e-01 -3.713171939518375431e-01
5.625000000000000000e-01 -3.826834323650896708e-01
5.644531250000000000e-01 -3.939920400610478768e-01
5.664062500000000000e-01 -4.052413140049896945e-01
5.683593750000000000e-01 -4.164295600976368750e-01
5.703125000000000000e-01 -4.275550934302818074e-01
5.722656250000000000e-01 -4.386162385385273255e-01
5.742187500000000000e-01 -4.496113296546065952e-01
5.761718750000000000e-01 -4.605387109582400607e-01
5.781250000000000000e-01 -4.713967368259976976e-01
5.800781250000000000e-01 -4.821837720791227189e-01
5.820312500000000000e-01 -4.928981922297839269e-01
5.839843750000000000e-01 -5.035383837257174644e-01
5.859375000000000000e-01 -5.141027441932215503e-01
5.878906250000000000e-01 -5.245896826784687272e-01
5.898437500000000000e-01 -5.349976198870969313e-01
5.917968750000000000e-01 -5.453249884220461308e-01
5.937500000000000000e-01 -5.555702330196019556e-01
5.957031250000000000e-01 -5.657318107836132315e-01
5.976562500000000000e-01 -5.758081914178453387e-01
5.996093750000000000e-01 -5.857978574564388641e-01
6.015625000000000000e-01 -5.956993044924332459e-01
6.035156250000000000e-01 -6.055110414043254341e-01
6.054687500000000000e-01 -6.152315905806267082e-01
6.074218750000000000e-01 -6.248594881423862324e-01
6.093750000000000000e-01 -6.343932841636452657e-01
6.113281250000000000e-01 -6.438315428897912751e-01
6.132812500000000000e-01 -6.531728429537765335e-01
6.152343750000000000e-01 -6.624157775901717837e-01
6.171875000000000000e-01 -6.715589548470185521e-01
6.191406250000000000e-01 -6.806009977954530221e-01
6.210937500000000000e-01 -6.895405447370668295e-01
6.230468750000000000e-01 -6.983762494089729156e-01
6.250000000000000000e-01 -7.071067811865474617e-01
6.269531250000000000e-01 -7.157308252838184837e-01
6.289062500000000000e-01 -7.242470829514666697e-01
6.308593750000000000e-01 -7.326542716724127047e-01
6.328125000000000000e-01 -7.409511253549588838e-01
6.347656250000000000e-01 -7.491363945234591482e-01
6.367187500000000000e-01 -7.572088465064842344e-01
6.386718750000000000e-01 -7.651672656224588476e-01
6.406250000000000000e-01 -7.730104533627366603e-01
6.425781250000000000e-01 -7.807372285720944882e-01
6.445312500000000000e-01 -7.883464276266058945e-01
6.464843750000000000e-01 -7.958369046088833443e-01
6.484375000000000000e-01 -8.032075314806450539e-01
6.503906250000000000e-01 -8.104571982525946572e-01
6.523437500000000000e-01 -8.175848131515837114e-01
6.542968750000000000e-01 -8.245893027850250689e-01
6.562500000000000000e-01 -8.314696123025452357e-01
6.582031250000000000e-01 -8.382247055548377457e-01
6.601562500000000000e-01 -8.448535652497070059e-01
6.621093750000000000e-01 -8.513551931052648625e-01
6.640625000000000000e-01 -8.577286100002721181e-01
6.660156250000000000e-01 -8.639728561215865854e-01
6.679687500000000000e-01 -8.700869911087114605e-01
6.699218750000000000e-01 -8.760700941954068233e-01
6.718750000000000000e-01 -8.819212643483548275e-01
6.738281250000000000e-01 -8.876396204028539350e-01
6.757812500000000000e-01 -8.932243011955153245e-01
6.777343750000000000e-01 -8.986744656939539277e-01
6.796875000000000000e-01 -9.039892931234431162e-01
6.816406250000000000e-01 -9.091679830905222692e-01
6.835937500000000000e-01 -9.142097557035304689e-01
6.855468750000000000e-01 -9.191138516900576594e-01
6.875000000000000000e-01 -9.238795325112865164e-01
6.894531250000000000e-01 -9.285060804732154782e-01
6.914062500000000000e-01 -9.329927988347390677e-01
6.933593750000000000e-01 -9.373390119125748488e-01
6.953125000000000000e-01 -9.415440651830206953e-01
6.972656250000000000e-01 -9.456073253805212797e-01
6.992187500000000000e-01 -9.495281805930367858e-01
7.011718750000000000e-01 -9.533060403541937511e-01
7.031250000000000000e-01 -9.569403357322087134e-01
7.050781250000000000e-01 -9.604305194155656755e-01
7.070312500000000000e-01 -9.637760657954397292e-01
7.089843750000000000e-01 -9.669764710448521816e-01
7.109375000000000000e-01 -9.700312531945438632e-01
7.128906250000000000e-01 -9.729399522055602878e-01
7.148437500000000000e-01 -9.757021300385284590e-01
7.167968750000000000e-01 -9.783173707196276547e-01
7.187500000000000000e-01 -9.807852804032302085e-01
7.207031250000000000e-01 -9.831054874312161740e-01
7.226562500000000000e-01 -9.852776423889411106e-01
7.246093750000000000e-01 -9.873014181578582127e-01
7.265625000000000000e-01 -9.891765099647809034e-01
7.285156250000000000e-01 -9.909026354277801207e-01
7.304687500000000000e-01 -9.924795345987100781e-01
7.324218750000000000e-01 -9.939069700023560605e-01
7.343750000000000000e-01 -9.951847266721969287e-01
7.363281250000000000e-01 -9.963126121827780013e-01
7.382812500000000000e-01 -9.972904566786902070e-01
7.402343750000000000e-01 -9.981181129001491792e-01
7.421875000000000000e-01 -9.987954562051725160e-01
7.441406250000000000e-01 -9.993223845883495438e-01
7.460937500000000000e-01 -9.996988186962041389e-01
7.480468750000000000e-01 -9.999247018391445030e-01
7.500000000000000000e-01 -1.000000000000000000e+00
7.519531250000000000e-01 -9.999247018391445030e-01
7.539062500000000000e-01 -9.996988186962041389e-01
7.558593750000000000e-01 -9.993223845883496548e-01
7.578125000000000000e-01 -9.987954562051725160e-01
7.597656250000000000e-01 -9.981181129001491792e-01
7.617187500000000000e-01 -9.972904566786902070e-01
7.636718750000000000e-01 -9.963126121827780013e-01
7.656250000000000000e-01 -9.951847266721969287e-01
7.675781250000000000e-01 -9.939069700023560605e-01
7.695312500000000000e-01 -9.924795345987100781e-01
7.714843750000000000e-01 -9.909026354277801207e-01
7.734375000000000000e-01 -9.891765099647809034e-01
7.753906250000000000e-01 -9.873014181578584347e-01
7.773437500000000000e-01 -9.852776423889412216e-01
7.792968750000000000e-01 -9.831054874312163960e-01
7.812500000000000000e-01 -9.807852804032303196e-01
7.832031250000000000e-01 -9.783173707196278768e-01
7.851562500000000000e-01 -9.757021300385286811e-01
7.871093750000000000e-01 -9.729399522055602878e-01
7.890625000000000000e-01 -9.700312531945438632e-01
7.910156250000000000e-01 -9.669764710448524037e-01
7.929687500000000000e-01 -9.637760657954399512e-01
7.949218750000000000e-01 -9.604305194155658976e-01
7.968750000000000000e-01 -9.569403357322088244e-01
7.988281250000000000e-01 -9.533060403541937511e-01
8.007812500000000000e-01 -9.495281805930367858e-01
8.027343750000000000e-01 -9.456073253805212797e-01
8.046875000000000000e-01 -9.415440651830209173e-01
8.066406250000000000e-01 -9.373390119125750708e-01
8.085937500000000000e-01 -9.329927988347390677e-01
8.105468750000000000e-01 -9.285060804732155892e-01
8.125000000000000000e-01 -9.238795325112867385e-01
8.144531250000000000e-01 -9.191138516900577704e-01
8.164062500000000000e-01 -9.142097557035305799e-01
8.183593750000000000e-01 -9.091679830905224913e-01
8.203125000000000000e-01 -9.039892931234433382e-01
8.222656250000000000e-01 -8.986744656939540388e-01
8.242187500000000000e-01 -8.932243011955153245e-01
8.261718750000000000e-01 -8.876396204028541570e-01
8.281250000000000000e-01 -8.819212643483549385e-01
8.300781250000000000e-01 -8.760700941954069343e-01
8.320312500000000000e-01 -8.700869911087115716e-01
8.339843750000000000e-01 -8.639728561215868075e-01
8.359375000000000000e-01 -8.577286100002722291e-01
8.378906250000000000e-01 -8.513551931052650845e-01
8.398437500000000000e-01 -8.448535652497072279e-01
8.417968750000000000e-01 -8.382247055548379677e-01
8.437500000000000000e-01 -8.314696123025455687e-01
8.457031250000000000e-01 -8.245893027850252910e-01
8.476562500000000000e-01 -8.175848131515840445e-01
8.496093750000000000e-01 -8.104571982525948792e-01
8.515625000000000000e-01 -8.032075314806452759e-01
8.535156250000000000e-01 -7.958369046088836773e-01
8.554687500000000000e-01 -7.883464276266061166e-01
8.574218750000000000e-01 -7.807372285720945992e-01
8.593750000000000000e-01 -7.730104533627368824e-01
8.613281250000000000e-01 -7.651672656224591806e-01
8.632812500000000000e-01 -7.572088465064845675e-01
8.652343750000000000e-01 -7.491363945234598143e-01
8.671875000000000000e-01 -7.409511253549592169e-01
8.691406250000000000e-01 -7.326542716724131488e-01
8.710937500000000000e-01 -7.242470829514671138e-01
8.730468750000000000e-01 -7.157308252838190388e-01
8.750000000000000000e-01 -7.071067811865477948e-01
8.769531250000000000e-01 -6.983762494089726935e-01
8.789062500000000000e-01 -6.895405447370671626e-01
8.808593750000000000e-01 -6.806009977954530221e-01
8.828125000000000000e-01 -6.715589548470186632e-01
8.847656250000000000e-01 -6.624157775901717837e-01
8.867187500000000000e-01 -6.531728429537770886e-01
8.886718750000000000e-01 -6.438315428897914972e-01
8.906250000000000000e-01 -6.343932841636459319e-01
8.925781250000000000e-01 -6.248594881423864544e-01
8.945312500000000000e-01 -6.152315905806273744e-01
8.964843750000000000e-01 -6.055110414043256561e-01
8.984375000000000000e-01 -5.956993044924332459e-01
9.003906250000000000e-01 -5.857978574564390861e-01
9.023437500000000000e-01 -5.758081914178453387e-01
9.042968750000000000e-01 -5.657318107836135646e-01
9.062500000000000000e-01 -5.555702330196022887e-01
9.082031250000000000e-01 -5.453249884220467969e-01
9.101562500000000000e-01 -5.349976198870972643e-01
9.121093750000000000e-01 -5.245896826784693934e-01
9.140625000000000000e-01 -5.141027441932218833e-01
9.160156250000000000e-01 -5.035383837257181305e-01
9.179687500000000000e-01 -4.928981922297842599e-01
9.199218750000000000e-01 -4.821837720791226078e-01
9.218750000000000000e-01 -4.713967368259979751e-01
9.238281250000000000e-01 -4.605387109582399496e-01
9.257812500000000000e-01 -4.496113296546069837e-01
9.277343750000000000e-01 -4.386162385385276585e-01
9.296875000000000000e-01 -4.275550934302825290e-01
9.316406250000000000e-01 -4.164295600976372635e-01
9.335937500000000000e-01 -4.052413140049904716e-01
9.355468750000000000e-01 -3.939920400610482099e-01
9.375000000000000000e-01 -3.826834323650903924e-01
9.394531250000000000e-01 -3.713171939518378206e-01
9.414062500000000000e-01 -3.598950365349879998e-01
9.433593750000000000e-01 -3.484186802494348978e-01
9.453125000000000000e-01 -3.368898533922199956e-01
9.472656250000000000e-01 -3.253102921622633703e-01
9.492187500000000000e-01 -3.136817403988915176e-01
9.511718750000000000e-01 -3.020059493192285283e-01
9.531250000000000000e-01 -2.902846772544624421e-01
9.550781250000000000e-01 -2.785196893850536703e-01
9.570312500000000000e-01 -2.667127574748985319e-01
9.589843750000000000e-01 -2.548656596045143496e-01
9.609375000000000000e-01 -2.429801799032641763e-01
9.628906250000000000e-01 -2.310581082806710262e-01
9.648437500000000000e-01 -2.191012401568701584e-01
9.667968750000000000e-01 -2.071113761922185326e-01
9.687500000000000000e-01 -1.950903220161287199e-01
9.707031250000000000e-01 -1.830398879551410618e-01
9.726562500000000000e-01 -1.709618887603018000e-01
9.746093750000000000e-01 -1.588581433338615845e-01
9.765625000000000000e-01 -1.467304744553624141e-01
9.785156250000000000e-01 -1.345807085071264175e-01
9.804687500000000000e-01 -1.224106751992160291e-01
9.824218750000000000e-01 -1.102222072938833924e-01
9.843750000000000000e-01 -9.801714032956052036e-02
9.863281250000000000e-01 -8.579731234444028243e-02
9.882812500000000000e-01 -7.356456359966742631e-02
9.902343750000000000e-01 -6.132073630220905014e-02
9.921875000000000000e-01 -4.906767432741809126e-02
9.941406250000000000e-01 -3.680722294135939376e-02
9.960937500000000000e-01 -2.454122852291245119e-02
9.980468750000000000e-01 -1.227153828572057244e-02
1.000000000000000000e+00 -2.449293598294706414e-16
1.001953125000000000e+00 1.227153828572008325e-02
1.003906250000000000e+00 2.454122852291195853e-02
1.005859375000000000e+00 3.680722294135890804e-02
1.007812500000000000e+00 4.906767432741760554e-02
1.009765625000000000e+00 6.132073630220856442e-02
1.011718750000000000e+00 7.356456359966692671e-02
1.013671875000000000e+00 8.579731234443979671e-02
1.015625000000000000e+00 9.801714032956002076e-02
1.017578125000000000e+00 1.102222072938828790e-01
1.019531250000000000e+00 1.224106751992155157e-01
1.021484375000000000e+00 1.345807085071259179e-01
1.023437500000000000e+00 1.467304744553618867e-01
1.025390625000000000e+00 1.588581433338610849e-01
1.027343750000000000e+00 1.709618887603012727e-01
1.029296875000000000e+00 1.830398879551405344e-01
1.031250000000000000e+00 1.950903220161282203e-01
1.033203125000000000e+00 2.071113761922180330e-01
1.035156250000000000e+00 2.191012401568696866e-01
1.037109375000000000e+00 2.310581082806704989e-01
1.039062500000000000e+00 2.429801799032636767e-01
1.041015625000000000e+00 2.548656596045139056e-01
1.042968750000000000e+00 2.667127574748981433e-01
1.044921875000000000e+00 2.785196893850532263e-01
1.046875000000000000e+00 2.902846772544620535e-01
1.048828125000000000e+00 3.020059493192281397e-01
1.050781250000000000e+00 3.136817403988910735e-01
1.052734375000000000e+00 3.253102921622629262e-01
1.054687500000000000e+00 3.368898533922195515e-01
1.056640625000000000e+00 3.484186802494344537e-01
1.058593750000000000e+00 3.598950365349876113e-01
1.060546875000000000e+00 3.713171939518373765e-01
1.062500000000000000e+00 3.826834323650899483e-01
1.064453125000000000e+00 3.939920400610478768e-01
1.066406250000000000e+00 4.052413140049899720e-01
1.068359375000000000e+00 4.164295600976368750e-01
1.070312500000000000e+00 4.275550934302821404e-01
1.072265625000000000e+00 4.386162385385272144e-01
1.074218750000000000e+00 4.496113296546064841e-01
1.076171875000000000e+00 4.605387109582396166e-01
1.078125000000000000e+00 4.713967368259974755e-01
1.080078125000000000e+00 4.821837720791222193e-01
1.082031250000000000e+00 4.928981922297839269e-01
1.083984375000000000e+00 5.035383837257176864e-01
1.085937500000000000e+00 5.141027441932213282e-01
1.087890625000000000e+00 5.245896826784689493e-01
1.089843750000000000e+00 5.349976198870969313e-01
1.091796875000000000e+00 5.453249884220464638e-01
1.093750000000000000e+00 5.555702330196018446e-01
1.095703125000000000e+00 5.657318107836131205e-01
1.097656250000000000e+00 5.758081914178448946e-01
1.099609375000000000e+00 5.857978574564387531e-01
1.101562500000000000e+00 5.956993044924328018e-01
1.103515625000000000e+00 6.055110414043253231e-01
1.105468750000000000e+00 6.152315905806269303e-01
1.107421875000000000e+00 6.248594881423860103e-01
1.109375000000000000e+00 6.343932841636457098e-01
1.111328125000000000e+00 6.438315428897912751e-01
1.113281250000000000e+00 6.531728429537767555e-01
1.115234375000000000e+00 6.624157775901714507e-01
1.117187500000000000e+00 6.715589548470183301e-01
1.119140625000000000e+00 6.806009977954526891e-01
1.121093750000000000e+00 6.895405447370668295e-01
1.123046875000000000e+00 6.983762494089724715e-01
1.125000000000000000e+00 7.071067811865473507e-01
1.126953125000000000e+00 7.157308252838187057e-01
1.128906250000000000e+00 7.242470829514666697e-01
1.130859375000000000e+00 7.326542716724129267e-01
1.132812500000000000e+00 7.409511253549588838e-01
1.134765625000000000e+00 7.491363945234592592e-01
1.136718750000000000e+00 7.572088465064841234e-01
1.138671875000000000e+00 7.651672656224588476e-01
1.140625000000000000e+00 7.730104533627365493e-01
1.142578125000000000e+00 7.807372285720944882e-01
1.144531250000000000e+00 7.883464276266057835e-01
1.146484375000000000e+00 7.958369046088833443e-01
1.148437500000000000e+00 8.032075314806449429e-01
1.150390625000000000e+00 8.104571982525945462e-01
1.152343750000000000e+00 8.175848131515837114e-01
1.154296875000000000e+00 8.245893027850249579e-01
1.156250000000000000e+00 8.314696123025451246e-01
1.158203125000000000e+00 8.382247055548377457e-01
1.160156250000000000e+00 8.448535652497068948e-01
1.162109375000000000e+00 8.513551931052646404e-01
1.164062500000000000e+00 8.577286100002718960e-01
1.166015625000000000e+00 8.639728561215863634e-01
1.167968750000000000e+00 8.700869911087112385e-01
1.169921875000000000e+00 8.760700941954066012e-01
1.171875000000000000e+00 8.819212643483548275e-01
1.173828125000000000e+00 8.876396204028539350e-01
1.175781250000000000e+00 8.932243011955151024e-01
1.177734375000000000e+00 8.986744656939539277e-01
1.179687500000000000e+00 9.039892931234431162e-01
1.181640625000000000e+00 9.091679830905222692e-01
1.183593750000000000e+00 9.142097557035304689e-01
1.185546875000000000e+00 9.191138516900576594e-01
1.187500000000000000e+00 9.238795325112865164e-01
1.189453125000000000e+00 9.285060804732154782e-01
1.191406250000000000e+00 9.329927988347390677e-01
1.193359375000000000e+00 9.373390119125747377e-01
1.195312500000000000e+00 9.415440651830206953e-01
1.197265625000000000e+00 9.456073253805212797e-01
1.199218750000000000e+00 9.495281805930367858e-01
1.201171875000000000e+00 9.533060403541935290e-01
1.203125000000000000e+00 9.569403357322087134e-01
1.205078125000000000e+00 9.604305194155655645e-01
1.207031250000000000e+00 9.637760657954397292e-01
1.208984375000000000e+00 9.669764710448521816e-01
1.210937500000000000e+00 9.700312531945437522e-01
1.212890625000000000e+00 9.729399522055602878e-01
1.214843750000000000e+00 9.757021300385284590e-01
1.216796875000000000e+00 9.783173707196276547e-01
1.218750000000000000e+00 9.807852804032302085e-01
1.220703125000000000e+00 9.831054874312161740e-01
1.222656250000000000e+00 9.852776423889411106e-01
1.224609375000000000e+00 9.873014181578582127e-01
1.226562500000000000e+00 9.891765099647809034e-01
1.228515625000000000e+00 9.909026354277801207e-01
1.230468750000000000e+00 9.924795345987099671e-01
1.232421875000000000e+00 9.939069700023560605e-01
1.234375000000000000e+00 9.951847266721969287e-01
1.236328125000000000e+00 9.963126121827780013e-01
1.238281250000000000e+00 9.972904566786902070e-01
1.240234375000000000e+00 9.981181129001491792e-01
1.242187500000000000e+00 9.987954562051725160e-01
1.244140625000000000e+00 9.993223845883495438e-01
1.246093750000000000e+00 9.996988186962041389e-01
1.248046875000000000e+00 9.999247018391445030e-01
1.250000000000000000e+00 1.000000000000000000e+00
1.251953125000000000e+00 9.999247018391445030e-01
1.253906250000000000e+00 9.996988186962041389e-01
1.255859375000000000e+00 9.993223845883496548e-01
1.257812500000000000e+00 9.987954562051725160e-01
1.259765625000000000e+00 9.981181129001491792e-01
1.261718750000000000e+00 9.972904566786902070e-01
1.263671875000000000e+00 9.963126121827780013e-01
1.265625000000000000e+00 9.951847266721969287e-01
1.267578125000000000e+00 9.939069700023560605e-01
1.269531250000000000e+00 9.924795345987100781e-01
1.271484375000000000e+00 9.909026354277801207e-01
1.273437500000000000e+00 9.891765099647811255e-01
1.275390625000000000e+00 9.873014181578582127e-01
1.277343750000000000e+00 9.852776423889412216e-01
1.279296875000000000e+00 9.831054874312163960e-01
1.281250000000000000e+00 9.807852804032305416e-01
1.283203125000000000e+00 9.783173707196275437e-01
1.285156250000000000e+00 9.757021300385286811e-01
1.287109375000000000e+00 9.729399522055602878e-01
1.289062500000000000e+00 9.700312531945443073e-01
1.291015625000000000e+00 9.669764710448520706e-01
1.292968750000000000e+00 9.637760657954399512e-01
1.294921875000000000e+00 9.604305194155661196e-01
1.296875000000000000e+00 9.569403357322087134e-01
1.298828125000000000e+00 9.533060403541937511e-01
1.300781250000000000e+00 9.495281805930367858e-01
1.302734375000000000e+00 9.456073253805217238e-01
1.304687500000000000e+00 9.415440651830206953e-01
1.306640625000000000e+00 9.373390119125750708e-01
1.308593750000000000e+00 9.329927988347391787e-01
1.310546875000000000e+00 9.285060804732160333e-01
1.312500000000000000e+00 9.238795325112868495e-01
1.314453125000000000e+00 9.191138516900577704e-01
1.316406250000000000e+00 9.142097557035310240e-01
1.318359375000000000e+00 9.091679830905221582e-01
1.320312500000000000e+00 9.039892931234433382e-01
1.322265625000000000e+00 8.986744656939540388e-01
1.324218750000000000e+00 8.932243011955158796e-01
1.326171875000000000e+00 8.876396204028537129e-01
1.328125000000000000e+00 8.819212643483551606e-01
1.330078125000000000e+00 8.760700941954069343e-01
1.332031250000000000e+00 8.700869911087121267e-01
1.333984375000000000e+00 8.639728561215868075e-01
1.335937500000000000e+00 8.577286100002724512e-01
1.337890625000000000e+00 8.513551931052656396e-01
1.339843750000000000e+00 8.448535652497068948e-01
1.341796875000000000e+00 8.382247055548380787e-01
1.343750000000000000e+00 8.314696123025455687e-01
1.345703125000000000e+00 8.245893027850258461e-01
1.347656250000000000e+00 8.175848131515836004e-01
1.349609375000000000e+00 8.104571982525949903e-01
1.351562500000000000e+00 8.032075314806453870e-01
1.353515625000000000e+00 7.958369046088842325e-01
1.355468750000000000e+00 7.883464276266062276e-01
1.357421875000000000e+00 7.807372285720945992e-01
1.359375000000000000e+00 7.730104533627375485e-01
1.361328125000000000e+00 7.651672656224586255e-01
1.363281250000000000e+00 7.572088465064846785e-01
1.365234375000000000e+00 7.491363945234598143e-01
1.367187500000000000e+00 7.409511253549599941e-01
1.369140625000000000e+00 7.326542716724128157e-01
1.371093750000000000e+00 7.242470829514671138e-01
1.373046875000000000e+00 7.157308252838192608e-01
1.375000000000000000e+00 7.071067811865484609e-01
1.376953125000000000e+00 6.983762494089729156e-01
1.378906250000000000e+00 6.895405447370671626e-01
1.380859375000000000e+00 6.806009977954536883e-01
1.382812500000000000e+00 6.715589548470181080e-01
1.384765625000000000e+00 6.624157775901717837e-01
1.386718750000000000e+00 6.531728429537771996e-01
1.388671875000000000e+00 6.438315428897923853e-01
1.390625000000000000e+00 6.343932841636452657e-01
1.392578125000000000e+00 6.248594881423865655e-01
1.394531250000000000e+00 6.152315905806273744e-01
1.396484375000000000e+00 6.055110414043251010e-01
1.398437500000000000e+00 5.956993044924332459e-01
1.400390625000000000e+00 5.857978574564391971e-01
1.402343750000000000e+00 5.758081914178460048e-01
1.404296875000000000e+00 5.657318107836128984e-01
1.406250000000000000e+00 5.555702330196022887e-01
1.408203125000000000e+00 5.453249884220469079e-01
1.410156250000000000e+00 5.349976198870981525e-01
1.412109375000000000e+00 5.245896826784687272e-01
1.414062500000000000e+00 5.141027441932218833e-01
1.416015625000000000e+00 5.035383837257182416e-01
1.417968750000000000e+00 4.928981922297835383e-01
1.419921875000000000e+00 4.821837720791227189e-01
1.421875000000000000e+00 4.713967368259980306e-01
1.423828125000000000e+00 4.605387109582408933e-01
1.425781250000000000e+00 4.496113296546063176e-01
1.427734375000000000e+00 4.386162385385277696e-01
1.429687500000000000e+00 4.275550934302826955e-01
1.431640625000000000e+00 4.164295600976382072e-01
1.433593750000000000e+00 4.052413140049897500e-01
1.435546875000000000e+00 3.939920400610484319e-01
1.437500000000000000e+00 3.826834323650905034e-01
1.439453125000000000e+00 3.713171939518370990e-01
1.441406250000000000e+00 3.598950365349881664e-01
1.443359375000000000e+00 3.484186802494350088e-01
1.445312500000000000e+00 3.368898533922209948e-01
1.447265625000000000e+00 3.253102921622626487e-01
1.449218750000000000e+00 3.136817403988916286e-01
1.451171875000000000e+00 3.020059493192286948e-01
1.453125000000000000e+00 2.902846772544634968e-01
1.455078125000000000e+00 2.785196893850529487e-01
1.457031250000000000e+00 2.667127574748986985e-01
1.458984375000000000e+00 2.548656596045154044e-01
1.460937500000000000e+00 2.429801799032633991e-01
1.462890625000000000e+00 2.310581082806711650e-01
1.464843750000000000e+00 2.191012401568702417e-01
1.466796875000000000e+00 2.071113761922195040e-01
1.468750000000000000e+00 1.950903220161279705e-01
1.470703125000000000e+00 1.830398879551411173e-01
1.472656250000000000e+00 1.709618887603018833e-01
1.474609375000000000e+00 1.588581433338625837e-01
1.476562500000000000e+00 1.467304744553616092e-01
1.478515625000000000e+00 1.345807085071265286e-01
1.480468750000000000e+00 1.224106751992170283e-01
1.482421875000000000e+00 1.102222072938826014e-01
1.484375000000000000e+00 9.801714032956063138e-02
1.486328125000000000e+00 8.579731234444040733e-02
1.488281250000000000e+00 7.356456359966839775e-02
1.490234375000000000e+00 6.132073630220828686e-02
1.492187500000000000e+00 4.906767432741821616e-02
1.494140625000000000e+00 3.680722294135951866e-02
1.496093750000000000e+00 2.454122852291346080e-02
1.498046875000000000e+00 1.227153828571980569e-02
1.500000000000000000e+00 3.673940397442059375e-16
1.501953125000000000e+00 -1.227153828571907190e-02
1.503906250000000000e+00 -2.454122852291272527e-02
1.505859375000000000e+00 -3.680722294135878314e-02
1.507812500000000000e+00 -4.906767432741748064e-02
1.509765625000000000e+00 -6.132073630220756522e-02
1.511718750000000000e+00 -7.356456359966770386e-02
1.513671875000000000e+00 -8.579731234443968568e-02
1.515625000000000000e+00 -9.801714032955990974e-02
1.517578125000000000e+00 -1.102222072938818798e-01
1.519531250000000000e+00 -1.224106751992163067e-01
1.521484375000000000e+00 -1.345807085071258069e-01
1.523437500000000000e+00 -1.467304744553608875e-01
1.525390625000000000e+00 -1.588581433338618620e-01
1.527343750000000000e+00 -1.709618887603011617e-01
1.529296875000000000e+00 -1.830398879551404234e-01
1.531250000000000000e+00 -1.950903220161272489e-01
1.533203125000000000e+00 -2.071113761922188101e-01
1.535156250000000000e+00 -2.191012401568695478e-01
1.537109375000000000e+00 -2.310581082806704156e-01
1.539062500000000000e+00 -2.429801799032627330e-01
1.541015625000000000e+00 -2.548656596045146272e-01
1.542968750000000000e+00 -2.667127574748979213e-01
1.544921875000000000e+00 -2.785196893850522271e-01
1.546875000000000000e+00 -2.902846772544627196e-01
1.548828125000000000e+00 -3.020059493192279731e-01
1.550781250000000000e+00 -3.136817403988909070e-01
1.552734375000000000e+00 -3.253102921622619270e-01
1.554687500000000000e+00 -3.368898533922202732e-01
1.556640625000000000e+00 -3.484186802494342872e-01
1.558593750000000000e+00 -3.598950365349874447e-01
1.560546875000000000e+00 -3.713171939518363773e-01
1.562500000000000000e+00 -3.826834323650898373e-01
1.564453125000000000e+00 -3.939920400610476547e-01
1.566406250000000000e+00 -4.052413140049890283e-01
1.568359375000000000e+00 -4.164295600976374856e-01
1.570312500000000000e+00 -4.275550934302819739e-01
1.572265625000000000e+00 -4.386162385385271034e-01
1.574218750000000000e+00 -4.496113296546055960e-01
1.576171875000000000e+00 -4.605387109582401717e-01
1.578125000000000000e+00 -4.713967368259974200e-01
1.580078125000000000e+00 -4.821837720791221638e-01
1.582031250000000000e+00 -4.928981922297829832e-01
1.583984375000000000e+00 -5.035383837257175754e-01
1.585937500000000000e+00 -5.141027441932213282e-01
1.587890625000000000e+00 -5.245896826784681721e-01
1.589843750000000000e+00 -5.349976198870975974e-01
1.591796875000000000e+00 -5.453249884220463528e-01
1.593750000000000000e+00 -5.555702330196017336e-01
1.595703125000000000e+00 -5.657318107836123433e-01
1.597656250000000000e+00 -5.758081914178454497e-01
1.599609375000000000e+00 -5.857978574564386420e-01
1.601562500000000000e+00 -5.956993044924328018e-01
1.603515625000000000e+00 -6.055110414043245459e-01
1.605468750000000000e+00 -6.152315905806269303e-01
1.607421875000000000e+00 -6.248594881423860103e-01
1.609375000000000000e+00 -6.343932841636448217e-01
1.611328125000000000e+00 -6.438315428897918302e-01
1.613281250000000000e+00 -6.531728429537766445e-01
1.615234375000000000e+00 -6.624157775901713396e-01
1.617187500000000000e+00 -6.715589548470175529e-01
1.619140625000000000e+00 -6.806009977954532442e-01
1.621093750000000000e+00 -6.895405447370667185e-01
1.623046875000000000e+00 -6.983762494089723605e-01
1.625000000000000000e+00 -7.071067811865479058e-01
1.626953125000000000e+00 -7.157308252838185947e-01
1.628906250000000000e+00 -7.242470829514665587e-01
1.630859375000000000e+00 -7.326542716724122606e-01
1.632812500000000000e+00 -7.409511253549594390e-01
1.634765625000000000e+00 -7.491363945234592592e-01
1.636718750000000000e+00 -7.572088465064841234e-01
1.638671875000000000e+00 -7.651672656224581814e-01
1.640625000000000000e+00 -7.730104533627371044e-01
1.642578125000000000e+00 -7.807372285720943772e-01
1.644531250000000000e+00 -7.883464276266057835e-01
1.646484375000000000e+00 -7.958369046088837884e-01
1.648437500000000000e+00 -8.032075314806449429e-01
1.650390625000000000e+00 -8.104571982525945462e-01
1.652343750000000000e+00 -8.175848131515830453e-01
1.654296875000000000e+00 -8.245893027850254020e-01
1.656250000000000000e+00 -8.314696123025451246e-01
1.658203125000000000e+00 -8.382247055548375236e-01
1.660156250000000000e+00 -8.448535652497063397e-01
1.662109375000000000e+00 -8.513551931052651955e-01
1.664062500000000000e+00 -8.577286100002718960e-01
1.666015625000000000e+00 -8.639728561215863634e-01
1.667968750000000000e+00 -8.700869911087117936e-01
1.669921875000000000e+00 -8.760700941954066012e-01
1.671875000000000000e+00 -8.819212643483548275e-01
1.673828125000000000e+00 -8.876396204028533798e-01
1.675781250000000000e+00 -8.932243011955155465e-01
1.677734375000000000e+00 -8.986744656939537057e-01
1.679687500000000000e+00 -9.039892931234428941e-01
1.681640625000000000e+00 -9.091679830905219362e-01
1.683593750000000000e+00 -9.142097557035305799e-01
1.685546875000000000e+00 -9.191138516900574373e-01
1.687500000000000000e+00 -9.238795325112865164e-01
1.689453125000000000e+00 -9.285060804732158113e-01
1.691406250000000000e+00 -9.329927988347388457e-01
1.693359375000000000e+00 -9.373390119125747377e-01
1.695312500000000000e+00 -9.415440651830203622e-01
1.697265625000000000e+00 -9.456073253805215018e-01
1.699218750000000000e+00 -9.495281805930365637e-01
1.701171875000000000e+00 -9.533060403541935290e-01
1.703125000000000000e+00 -9.569403357322084913e-01
1.705078125000000000e+00 -9.604305194155658976e-01
1.707031250000000000e+00 -9.637760657954397292e-01
1.708984375000000000e+00 -9.669764710448518485e-01
1.710937500000000000e+00 -9.700312531945440853e-01
1.712890625000000000e+00 -9.729399522055602878e-01
1.714843750000000000e+00 -9.757021300385284590e-01
1.716796875000000000e+00 -9.783173707196275437e-01
1.718750000000000000e+00 -9.807852804032305416e-01
1.720703125000000000e+00 -9.831054874312161740e-01
1.722656250000000000e+00 -9.852776423889411106e-01
1.724609375000000000e+00 -9.873014181578582127e-01
1.726562500000000000e+00 -9.891765099647809034e-01
1.728515625000000000e+00 -9.909026354277801207e-01
1.730468750000000000e+00 -9.924795345987097450e-01
1.732421875000000000e+00 -9.939069700023560605e-01
1.734375000000000000e+00 -9.951847266721969287e-01
1.736328125000000000e+00 -9.963126121827780013e-01
1.738281250000000000e+00 -9.972904566786899849e-01
1.740234375000000000e+00 -9.981181129001491792e-01
1.742187500000000000e+00 -9.987954562051725160e-01
1.744140625000000000e+00 -9.993223845883495438e-01
1.746093750000000000e+00 -9.996988186962041389e-01
1.748046875000000000e+00 -9.999247018391445030e-01
1.750000000000000000e+00 -1.000000000000000000e+00
1.751953125000000000e+00 -9.999247018391445030e-01
1.753906250000000000e+00 -9.996988186962041389e-01
1.755859375000000000e+00 -9.993223845883496548e-01
1.757812500000000000e+00 -9.987954562051725160e-01
1.759765625000000000e+00 -9.981181129001494012e-01
1.761718750000000000e+00 -9.972904566786902070e-01
1.763671875000000000e+00 -9.963126121827780013e-01
1.765625000000000000e+00 -9.951847266721969287e-01
1.767578125000000000e+00 -9.939069700023561715e-01
1.769531250000000000e+00 -9.924795345987099671e-01
1.771484375000000000e+00 -9.909026354277801207e-01
1.773437500000000000e+00 -9.891765099647811255e-01
1.775390625000000000e+00 -9.873014181578582127e-01
1.777343750000000000e+00 -9.852776423889412216e-01
1.779296875000000000e+00 -9.831054874312163960e-01
1.781250000000000000e+00 -9.807852804032305416e-01
1.783203125000000000e+00 -9.783173707196275437e-01
1.785156250000000000e+00 -9.757021300385286811e-01
1.787109375000000000e+00 -9.729399522055602878e-01
1.789062500000000000e+00 -9.700312531945443073e-01
1.791015625000000000e+00 -9.669764710448520706e-01
1.792968750000000000e+00 -9.637760657954399512e-01
1.794921875000000000e+00 -9.604305194155661196e-01
1.796875000000000000e+00 -9.569403357322087134e-01
1.798828125000000000e+00 -9.533060403541937511e-01
1.800781250000000000e+00 -9.495281805930370078e-01
1.802734375000000000e+00 -9.456073253805218348e-01
1.804687500000000000e+00 -9.415440651830206953e-01
1.806640625000000000e+00 -9.373390119125750708e-01
1.808593750000000000e+00 -9.329927988347391787e-01
1.810546875000000000e+00 -9.285060804732160333e-01
1.812500000000000000e+00 -9.238795325112868495e-01
1.814453125000000000e+00 -9.191138516900579924e-01
1.816406250000000000e+00 -9.142097557035310240e-01
1.818359375000000000e+00 -9.091679830905222692e-01
1.820312500000000000e+00 -9.039892931234433382e-01
1.822265625000000000e+00 -8.986744656939542608e-01
1.824218750000000000e+00 -8.932243011955158796e-01
1.826171875000000000e+00 -8.876396204028539350e-01
1.828125000000000000e+00 -8.819212643483551606e-01
1.830078125000000000e+00 -8.760700941954069343e-01
1.832031250000000000e+00 -8.700869911087121267e-01
1.833984375000000000e+00 -8.639728561215868075e-01
1.835937500000000000e+00 -8.577286100002724512e-01
1.837890625000000000e+00 -8.513551931052656396e-01
1.839843750000000000e+00 -8.448535652497068948e-01
1.841796875000000000e+00 -8.382247055548380787e-01
1.843750000000000000e+00 -8.314696123025455687e-01
1.845703125000000000e+00 -8.245893027850259571e-01
1.847656250000000000e+00 -8.175848131515837114e-01
1.849609375000000000e+00 -8.104571982525949903e-01
1.851562500000000000e+00 -8.032075314806453870e-01
1.853515625000000000e+00 -7.958369046088843435e-01
1.855468750000000000e+00 -7.883464276266063386e-01
1.857421875000000000e+00 -7.807372285720948213e-01
1.859375000000000000e+00 -7.730104533627376595e-01
1.861328125000000000e+00 -7.651672656224587366e-01
1.863281250000000000e+00 -7.572088465064846785e-01
1.865234375000000000e+00 -7.491363945234598143e-01
1.867187500000000000e+00 -7.409511253549599941e-01
1.869140625000000000e+00 -7.326542716724128157e-01
1.871093750000000000e+00 -7.242470829514671138e-01
1.873046875000000000e+00 -7.157308252838192608e-01
1.875000000000000000e+00 -7.071067811865484609e-01
1.876953125000000000e+00 -6.983762494089730266e-01
1.878906250000000000e+00 -6.895405447370672736e-01
1.880859375000000000e+00 -6.806009977954537993e-01
1.882812500000000000e+00 -6.715589548470182191e-01
1.884765625000000000e+00 -6.624157775901718948e-01
1.886718750000000000e+00 -6.531728429537773106e-01
1.888671875000000000e+00 -6.438315428897923853e-01
1.890625000000000000e+00 -6.343932841636453768e-01
1.892578125000000000e+00 -6.248594881423865655e-01
1.894531250000000000e+00 -6.152315905806274854e-01
1.896484375000000000e+00 -6.055110414043251010e-01
1.898437500000000000e+00 -5.956993044924333569e-01
1.900390625000000000e+00 -5.857978574564393082e-01
1.902343750000000000e+00 -5.758081914178461158e-01
1.904296875000000000e+00 -5.657318107836130094e-01
1.906250000000000000e+00 -5.555702330196023997e-01
1.908203125000000000e+00 -5.453249884220470189e-01
1.910156250000000000e+00 -5.349976198870981525e-01
1.912109375000000000e+00 -5.245896826784688383e-01
1.914062500000000000e+00 -5.141027441932218833e-01
1.916015625000000000e+00 -5.035383837257184636e-01
1.917968750000000000e+00 -4.928981922297836493e-01
1.919921875000000000e+00 -4.821837720791227744e-01
1.921875000000000000e+00 -4.713967368259982527e-01
1.923828125000000000e+00 -4.605387109582410043e-01
1.925781250000000000e+00 -4.496113296546064286e-01
1.927734375000000000e+00 -4.386162385385278806e-01
1.929687500000000000e+00 -4.275550934302828066e-01
1.931640625000000000e+00 -4.164295600976383183e-01
1.933593750000000000e+00 -4.052413140049898055e-01
1.935546875000000000e+00 -3.939920400610484874e-01
1.937500000000000000e+00 -3.826834323650906144e-01
1.939453125000000000e+00 -3.713171939518372655e-01
1.941406250000000000e+00 -3.598950365349882774e-01
1.943359375000000000e+00 -3.484186802494351198e-01
1.945312500000000000e+00 -3.368898533922211058e-01
1.947265625000000000e+00 -3.253102921622627597e-01
1.949218750000000000e+00 -3.136817403988917397e-01
1.951171875000000000e+00 -3.020059493192288058e-01
1.953125000000000000e+00 -2.902846772544635523e-01
1.955078125000000000e+00 -2.785196893850530597e-01
1.957031250000000000e+00 -2.667127574748988095e-01
1.958984375000000000e+00 -2.548656596045154599e-01
1.960937500000000000e+00 -2.429801799032635379e-01
1.962890625000000000e+00 -2.310581082806712483e-01
1.964843750000000000e+00 -2.191012401568703805e-01
1.966796875000000000e+00 -2.071113761922196428e-01
1.968750000000000000e+00 -1.950903220161281093e-01
1.970703125000000000e+00 -1.830398879551412561e-01
1.972656250000000000e+00 -1.709618887603020221e-01
1.974609375000000000e+00 -1.588581433338627502e-01
1.976562500000000000e+00 -1.467304744553617479e-01
1.978515625000000000e+00 -1.345807085071266673e-01
1.980468750000000000e+00 -1.224106751992171394e-01
1.982421875000000000e+00 -1.102222072938827263e-01
1.984375000000000000e+00 -9.801714032956075628e-02
1.986328125000000000e+00 -8.579731234444051835e-02
1.988281250000000000e+00 -7.356456359966853653e-02
1.990234375000000000e+00 -6.132073630220841176e-02
1.992187500000000000e+00 -4.906767432741833412e-02
1.994140625000000000e+00 -3.680722294135964356e-02
1.996093750000000000e+00 -2.454122852291358223e-02
1.998046875000000000e+00 -1.227153828571992886e-02
2.000000000000000000e+00 -4.898587196589412829e-16
2.001953125000000000e+00 1.227153828571895047e-02
2.003906250000000000e+00 2.454122852291260384e-02
2.005859375000000000e+00 3.680722294135865824e-02
2.007812500000000000e+00 4.906767432741735574e-02
2.009765625000000000e+00 6.132073630220743338e-02
2.011718750000000000e+00 7.356456359966757896e-02
2.013671875000000000e+00 8.579731234443956078e-02
2.015625000000000000e+00 9.801714032955978484e-02
2.017578125000000000e+00 1.102222072938817410e-01
2.019531250000000000e+00 1.224106751992161818e-01
2.021484375000000000e+00 1.345807085071256681e-01
2.023437500000000000e+00 1.467304744553607487e-01
2.025390625000000000e+00 1.588581433338617233e-01
2.027343750000000000e+00 1.709618887603010229e-01
2.029296875000000000e+00 1.830398879551402846e-01
2.031250000000000000e+00 1.950903220161271101e-01
2.033203125000000000e+00 2.071113761922186713e-01
2.035156250000000000e+00 2.191012401568694090e-01
2.037109375000000000e+00 2.310581082806702768e-01
2.039062500000000000e+00 2.429801799032625942e-01
2.041015625000000000e+00 2.548656596045145717e-01
2.042968750000000000e+00 2.667127574748979213e-01
2.044921875000000000e+00 2.785196893850521160e-01
2.046875000000000000e+00 2.902846772544626086e-01
2.048828125000000000e+00 3.020059493192278621e-01
2.050781250000000000e+00 3.136817403988907960e-01
2.052734375000000000e+00 3.253102921622618160e-01
2.054687500000000000e+00 3.368898533922201621e-01
2.056640625000000000e+00 3.484186802494341761e-01
2.058593750000000000e+00 3.598950365349873337e-01
2.060546875000000000e+00 3.713171939518362663e-01
2.062500000000000000e+00 3.826834323650897263e-01
2.064453125000000000e+00 3.939920400610475992e-01
2.066406250000000000e+00 4.052413140049889173e-01
2.068359375000000000e+00 4.164295600976374301e-01
2.070312500000000000e+00 4.275550934302818629e-01
2.072265625000000000e+00 4.386162385385270479e-01
2.074218750000000000e+00 4.496113296546054849e-01
2.076171875000000000e+00 4.605387109582401717e-01
2.078125000000000000e+00 4.713967368259973090e-01
2.080078125000000000e+00 4.821837720791219417e-01
2.082031250000000000e+00 4.928981922297828722e-01
2.083984375000000000e+00 5.035383837257175754e-01
2.085937500000000000e+00 5.141027441932213282e-01
2.087890625000000000e+00 5.245896826784680611e-01
2.089843750000000000e+00 5.349976198870974864e-01
2.091796875000000000e+00 5.453249884220462418e-01
2.093750000000000000e+00 5.555702330196017336e-01
2.095703125000000000e+00 5.657318107836122323e-01
2.097656250000000000e+00 5.758081914178454497e-01
2.099609375000000000e+00 5.857978574564385310e-01
2.101562500000000000e+00 5.956993044924326908e-01
2.103515625000000000e+00 6.055110414043244349e-01
2.105468750000000000e+00 6.152315905806268193e-01
2.107421875000000000e+00 6.248594881423860103e-01
2.109375000000000000e+00 6.343932841636447106e-01
2.111328125000000000e+00 6.438315428897918302e-01
2.113281250000000000e+00 6.531728429537766445e-01
2.115234375000000000e+00 6.624157775901712286e-01
2.117187500000000000e+00 6.715589548470175529e-01
2.119140625000000000e+00 6.806009977954531331e-01
2.121093750000000000e+00 6.895405447370666074e-01
2.123046875000000000e+00 6.983762494089723605e-01
2.125000000000000000e+00 7.071067811865479058e-01
2.126953125000000000e+00 7.157308252838185947e-01
2.128906250000000000e+00 7.242470829514664477e-01
2.130859375000000000e+00 7.326542716724121496e-01
2.132812500000000000e+00 7.409511253549592169e-01
2.134765625000000000e+00 7.491363945234591482e-01
2.136718750000000000e+00 7.572088465064840124e-01
2.138671875000000000e+00 7.651672656224580704e-01
2.140625000000000000e+00 7.730104533627369934e-01
2.142578125000000000e+00 7.807372285720941552e-01
2.144531250000000000e+00 7.883464276266056725e-01
2.146484375000000000e+00 7.958369046088837884e-01
2.148437500000000000e+00 8.032075314806448318e-01
2.150390625000000000e+00 8.104571982525944351e-01
2.152343750000000000e+00 8.175848131515830453e-01
2.154296875000000000e+00 8.245893027850254020e-01
2.156250000000000000e+00 8.314696123025450136e-01
2.158203125000000000e+00 8.382247055548375236e-01
2.160156250000000000e+00 8.448535652497063397e-01
2.162109375000000000e+00 8.513551931052651955e-01
2.164062500000000000e+00 8.577286100002718960e-01
2.166015625000000000e+00 8.639728561215863634e-01
2.167968750000000000e+00 8.700869911087115716e-01
2.169921875000000000e+00 8.760700941954063792e-01
2.171875000000000000e+00 8.819212643483546055e-01
2.173828125000000000e+00 8.876396204028533798e-01
2.175781250000000000e+00 8.932243011955155465e-01
2.177734375000000000e+00 8.986744656939537057e-01
2.179687500000000000e+00 9.039892931234428941e-01
2.181640625000000000e+00 9.091679830905217141e-01
2.183593750000000000e+00 9.142097557035305799e-01
2.185546875000000000e+00 9.191138516900574373e-01
2.187500000000000000e+00 9.238795325112865164e-01
2.189453125000000000e+00 9.285060804732158113e-01
2.191406250000000000e+00 9.329927988347388457e-01
2.193359375000000000e+00 9.373390119125747377e-01
2.195312500000000000e+00 9.415440651830203622e-01
2.197265625000000000e+00 9.456073253805215018e-01
2.199218750000000000e+00 9.495281805930365637e-01
2.201171875000000000e+00 9.533060403541935290e-01
2.203125000000000000e+00 9.569403357322084913e-01
2.205078125000000000e+00 9.604305194155658976e-01
2.207031250000000000e+00 9.637760657954397292e-01
2.208984375000000000e+00 9.669764710448518485e-01
2.210937500000000000e+00 9.700312531945440853e-01
2.212890625000000000e+00 9.729399522055600658e-01
2.214843750000000000e+00 9.757021300385282370e-01
2.216796875000000000e+00 9.783173707196275437e-01
2.218750000000000000e+00 9.807852804032303196e-01
2.220703125000000000e+00 9.831054874312161740e-01
2.222656250000000000e+00 9.852776423889411106e-01
2.224609375000000000e+00 9.873014181578582127e-01
2.226562500000000000e+00 9.891765099647809034e-01
2.228515625000000000e+00 9.909026354277798987e-01
2.230468750000000000e+00 9.924795345987097450e-01
2.232421875000000000e+00 9.939069700023560605e-01
2.234375000000000000e+00 9.951847266721967067e-01
2.236328125000000000e+00 9.963126121827780013e-01
2.238281250000000000e+00 9.972904566786899849e-01
2.240234375000000000e+00 9.981181129001491792e-01
2.242187500000000000e+00 9.987954562051725160e-01
2.244140625000000000e+00 9.993223845883495438e-01
2.246093750000000000e+00 9.996988186962041389e-01
2.248046875000000000e+00 9.999247018391445030e-01
2.250000000000000000e+00 1.000000000000000000e+00
2.251953125000000000e+00 9.999247018391445030e-01
2.253906250000000000e+00 9.996988186962041389e-01
2.255859375000000000e+00 9.993223845883496548e-01
2.257812500000000000e+00 9.987954562051725160e-01
2.259765625000000000e+00 9.981181129001494012e-01
2.261718750000000000e+00 9.972904566786902070e-01
2.263671875000000000e+00 9.963126121827780013e-01
2.265625000000000000e+00 9.951847266721969287e-01
2.267578125000000000e+00 9.939069700023561715e-01
2.269531250000000000e+00 9.924795345987099671e-01
2.271484375000000000e+00 9.909026354277801207e-01
2.273437500000000000e+00 9.891765099647811255e-01
2.275390625000000000e+00 9.873014181578582127e-01
2.277343750000000000e+00 9.852776423889412216e-01
2.279296875000000000e+00 9.831054874312166181e-01
2.281250000000000000e+00 9.807852804032305416e-01
2.283203125000000000e+00 9.783173707196276547e-01
2.285156250000000000e+00 9.757021300385286811e-01
2.287109375000000000e+00 9.729399522055605098e-01
2.289062500000000000e+00 9.700312531945443073e-01
2.291015625000000000e+00 9.669764710448521816e-01
2.292968750000000000e+00 9.637760657954401733e-01
2.294921875000000000e+00 9.604305194155661196e-01
2.296875000000000000e+00 9.569403357322087134e-01
2.298828125000000000e+00 9.533060403541938621e-01
2.300781250000000000e+00 9.495281805930370078e-01
2.302734375000000000e+00 9.456073253805218348e-01
2.304687500000000000e+00 9.415440651830206953e-01
2.306640625000000000e+00 9.373390119125750708e-01
2.308593750000000000e+00 9.329927988347391787e-01
2.310546875000000000e+00 9.285060804732161444e-01
2.312500000000000000e+00 9.238795325112868495e-01
2.314453125000000000e+00 9.191138516900579924e-01
2.316406250000000000e+00 9.142097557035311350e-01
2.318359375000000000e+00 9.091679830905222692e-01
2.320312500000000000e+00 9.039892931234433382e-01
2.322265625000000000e+00 8.986744656939542608e-01
2.324218750000000000e+00 8.932243011955158796e-01
2.326171875000000000e+00 8.876396204028539350e-01
2.328125000000000000e+00 8.819212643483551606e-01
2.330078125000000000e+00 8.760700941954069343e-01
2.332031250000000000e+00 8.700869911087121267e-01
2.333984375000000000e+00 8.639728561215869185e-01
2.335937500000000000e+00 8.577286100002724512e-01
2.337890625000000000e+00 8.513551931052657507e-01
2.339843750000000000e+00 8.448535652497068948e-01
2.341796875000000000e+00 8.382247055548380787e-01
2.343750000000000000e+00 8.314696123025456798e-01
2.345703125000000000e+00 8.245893027850259571e-01
2.347656250000000000e+00 8.175848131515837114e-01
2.349609375000000000e+00 8.104571982525951013e-01
2.351562500000000000e+00 8.032075314806454980e-01
2.353515625000000000e+00 7.958369046088844545e-01
2.355468750000000000e+00 7.883464276266063386e-01
2.357421875000000000e+00 7.807372285720949323e-01
2.359375000000000000e+00 7.730104533627376595e-01
2.361328125000000000e+00 7.651672656224588476e-01
2.363281250000000000e+00 7.572088465064847895e-01
2.365234375000000000e+00 7.491363945234599253e-01
2.367187500000000000e+00 7.409511253549599941e-01
2.369140625000000000e+00 7.326542716724129267e-01
2.371093750000000000e+00 7.242470829514673358e-01
2.373046875000000000e+00 7.157308252838192608e-01
2.375000000000000000e+00 7.071067811865485719e-01
2.376953125000000000e+00 6.983762494089730266e-01
2.378906250000000000e+00 6.895405447370674956e-01
2.380859375000000000e+00 6.806009977954539103e-01
2.382812500000000000e+00 6.715589548470183301e-01
2.384765625000000000e+00 6.624157775901721168e-01
2.386718750000000000e+00 6.531728429537774216e-01
2.388671875000000000e+00 6.438315428897924964e-01
2.390625000000000000e+00 6.343932841636457098e-01
2.392578125000000000e+00 6.248594881423867875e-01
2.394531250000000000e+00 6.152315905806277074e-01
2.396484375000000000e+00 6.055110414043253231e-01
2.398437500000000000e+00 5.956993044924336900e-01
2.400390625000000000e+00 5.857978574564394192e-01
2.402343750000000000e+00 5.758081914178464489e-01
2.404296875000000000e+00 5.657318107836131205e-01
2.406250000000000000e+00 5.555702330196027328e-01
2.408203125000000000e+00 5.453249884220472410e-01
2.410156250000000000e+00 5.349976198870983746e-01
2.412109375000000000e+00 5.245896826784689493e-01
2.414062500000000000e+00 5.141027441932222164e-01
2.416015625000000000e+00 5.035383837257185746e-01
2.417968750000000000e+00 4.928981922297839269e-01
2.419921875000000000e+00 4.821837720791229964e-01
2.421875000000000000e+00 4.713967368259982527e-01
2.423828125000000000e+00 4.605387109582410599e-01
2.425781250000000000e+00 4.496113296546064286e-01
2.427734375000000000e+00 4.386162385385280471e-01
2.429687500000000000e+00 4.275550934302829176e-01
2.431640625000000000e+00 4.164295600976384293e-01
2.433593750000000000e+00 4.052413140049899165e-01
2.435546875000000000e+00 3.939920400610485984e-01
2.437500000000000000e+00 3.826834323650907810e-01
2.439453125000000000e+00 3.713171939518373210e-01
2.441406250000000000e+00 3.598950365349883884e-01
2.443359375000000000e+00 3.484186802494352309e-01
2.445312500000000000e+00 3.368898533922211613e-01
2.447265625000000000e+00 3.253102921622628707e-01
2.449218750000000000e+00 3.136817403988918507e-01
2.451171875000000000e+00 3.020059493192289168e-01
2.453125000000000000e+00 2.902846772544636633e-01
2.455078125000000000e+00 2.785196893850531707e-01
2.457031250000000000e+00 2.667127574748989205e-01
2.458984375000000000e+00 2.548656596045155709e-01
2.460937500000000000e+00 2.429801799032636767e-01
2.462890625000000000e+00 2.310581082806713316e-01
2.464843750000000000e+00 2.191012401568705192e-01
2.466796875000000000e+00 2.071113761922197538e-01
2.468750000000000000e+00 1.950903220161281926e-01
2.470703125000000000e+00 1.830398879551413671e-01
2.472656250000000000e+00 1.709618887603021054e-01
2.474609375000000000e+00 1.588581433338628335e-01
2.476562500000000000e+00 1.467304744553618590e-01
2.478515625000000000e+00 1.345807085071267784e-01
2.480468750000000000e+00 1.224106751992172504e-01
2.482421875000000000e+00 1.102222072938828651e-01
2.484375000000000000e+00 9.801714032956088118e-02
2.486328125000000000e+00 8.579731234444064325e-02
2.488281250000000000e+00 7.356456359966866143e-02
2.490234375000000000e+00 6.132073630220852972e-02
2.492187500000000000e+00 4.906767432741845902e-02
2.494140625000000000e+00 3.680722294135976153e-02
2.496093750000000000e+00 2.454122852291370366e-02
2.498046875000000000e+00 1.227153828572005202e-02
2.500000000000000000e+00 6.123233995736766282e-16
2.501953125000000000e+00 -1.227153828571882731e-02
2.503906250000000000e+00 -2.454122852291248241e-02
2.505859375000000000e+00 -3.680722294135854028e-02
2.507812500000000000e+00 -4.906767432741723778e-02
2.509765625000000000e+00 -6.132073630220732235e-02
2.511718750000000000e+00 -7.356456359966745406e-02
2.513671875000000000e+00 -8.579731234443943588e-02
2.515625000000000000e+00 -9.801714032955965994e-02
2.517578125000000000e+00 -1.102222072938816300e-01
2.519531250000000000e+00 -1.224106751992160430e-01
2.521484375000000000e+00 -1.345807085071255571e-01
2.523437500000000000e+00 -1.467304744553606377e-01
2.525390625000000000e+00 -1.588581433338616122e-01
2.527343750000000000e+00 -1.709618887603009396e-01
2.529296875000000000e+00 -1.830398879551401736e-01
2.531250000000000000e+00 -1.950903220161269991e-01
2.533203125000000000e+00 -2.071113761922185326e-01
2.535156250000000000e+00 -2.191012401568692980e-01
2.537109375000000000e+00 -2.310581082806701658e-01
2.539062500000000000e+00 -2.429801799032625109e-01
2.541015625000000000e+00 -2.548656596045144052e-01
2.542968750000000000e+00 -2.667127574748977548e-01
2.544921875000000000e+00 -2.785196893850520050e-01
2.546875000000000000e+00 -2.902846772544608323e-01
2.548828125000000000e+00 -3.020059493192277511e-01
2.550781250000000000e+00 -3.136817403988924058e-01
2.552734375000000000e+00 -3.253102921622617050e-01
2.554687500000000000e+00 -3.368898533922200511e-01
2.556640625000000000e+00 -3.484186802494324553e-01
2.558593750000000000e+00 -3.598950365349872227e-01
2.560546875000000000e+00 -3.713171939518378206e-01
2.562500000000000000e+00 -3.826834323650879499e-01
2.564453125000000000e+00 -3.939920400610474882e-01
2.566406250000000000e+00 -4.052413140049904716e-01
2.568359375000000000e+00 -4.164295600976357092e-01
2.570312500000000000e+00 -4.275550934302818074e-01
2.572265625000000000e+00 -4.386162385385285467e-01
2.574218750000000000e+00 -4.496113296546053739e-01
2.576171875000000000e+00 -4.605387109582400607e-01
2.578125000000000000e+00 -4.713967368259956436e-01
2.580078125000000000e+00 -4.821837720791218862e-01
2.582031250000000000e+00 -4.928981922297842599e-01
2.583984375000000000e+00 -5.035383837257157991e-01
2.585937500000000000e+00 -5.141027441932211062e-01
2.587890625000000000e+00 -5.245896826784693934e-01
2.589843750000000000e+00 -5.349976198870958211e-01
2.591796875000000000e+00 -5.453249884220459087e-01
2.593750000000000000e+00 -5.555702330196029548e-01
2.595703125000000000e+00 -5.657318107836120102e-01
2.597656250000000000e+00 -5.758081914178453387e-01
2.599609375000000000e+00 -5.857978574564369767e-01
2.601562500000000000e+00 -5.956993044924325797e-01
2.603515625000000000e+00 -6.055110414043256561e-01
2.605468750000000000e+00 -6.152315905806252649e-01
2.607421875000000000e+00 -6.248594881423857883e-01
2.609375000000000000e+00 -6.343932841636459319e-01
2.611328125000000000e+00 -6.438315428897901649e-01
2.613281250000000000e+00 -6.531728429537764224e-01
2.615234375000000000e+00 -6.624157775901724499e-01
2.617187500000000000e+00 -6.715589548470174419e-01
2.619140625000000000e+00 -6.806009977954530221e-01
2.621093750000000000e+00 -6.895405447370651641e-01
2.623046875000000000e+00 -6.983762494089720274e-01
2.625000000000000000e+00 -7.071067811865477948e-01
2.626953125000000000e+00 -7.157308252838173734e-01
2.628906250000000000e+00 -7.242470829514664477e-01
2.630859375000000000e+00 -7.326542716724131488e-01
2.632812500000000000e+00 -7.409511253549578846e-01
2.634765625000000000e+00 -7.491363945234591482e-01
2.636718750000000000e+00 -7.572088465064851226e-01
2.638671875000000000e+00 -7.651672656224580704e-01
2.640625000000000000e+00 -7.730104533627368824e-01
2.642578125000000000e+00 -7.807372285720930449e-01
2.644531250000000000e+00 -7.883464276266056725e-01
2.646484375000000000e+00 -7.958369046088836773e-01
2.648437500000000000e+00 -8.032075314806437216e-01
2.650390625000000000e+00 -8.104571982525943241e-01
2.652343750000000000e+00 -8.175848131515840445e-01
2.654296875000000000e+00 -8.245893027850242918e-01
2.656250000000000000e+00 -8.314696123025450136e-01
2.658203125000000000e+00 -8.382247055548385228e-01
2.660156250000000000e+00 -8.448535652497063397e-01
2.662109375000000000e+00 -8.513551931052650845e-01
2.664062500000000000e+00 -8.577286100002710079e-01
2.666015625000000000e+00 -8.639728561215863634e-01
2.667968750000000000e+00 -8.700869911087115716e-01
2.669921875000000000e+00 -8.760700941954057130e-01
2.671875000000000000e+00 -8.819212643483546055e-01
2.673828125000000000e+00 -8.876396204028541570e-01
2.675781250000000000e+00 -8.932243011955145473e-01
2.677734375000000000e+00 -8.986744656939537057e-01
2.679687500000000000e+00 -9.039892931234436713e-01
2.681640625000000000e+00 -9.091679830905217141e-01
2.683593750000000000e+00 -9.142097557035305799e-01
2.685546875000000000e+00 -9.191138516900566602e-01
2.687500000000000000e+00 -9.238795325112862944e-01
2.689453125000000000e+00 -9.285060804732155892e-01
2.691406250000000000e+00 -9.329927988347380685e-01
2.693359375000000000e+00 -9.373390119125747377e-01
2.695312500000000000e+00 -9.415440651830209173e-01
2.697265625000000000e+00 -9.456073253805207246e-01
2.699218750000000000e+00 -9.495281805930365637e-01
2.701171875000000000e+00 -9.533060403541940842e-01
2.703125000000000000e+00 -9.569403357322084913e-01
2.705078125000000000e+00 -9.604305194155658976e-01
2.707031250000000000e+00 -9.637760657954391741e-01
2.708984375000000000e+00 -9.669764710448518485e-01
2.710937500000000000e+00 -9.700312531945440853e-01
2.712890625000000000e+00 -9.729399522055597327e-01
2.714843750000000000e+00 -9.757021300385282370e-01
2.716796875000000000e+00 -9.783173707196278768e-01
2.718750000000000000e+00 -9.807852804032299865e-01
2.720703125000000000e+00 -9.831054874312161740e-01
2.722656250000000000e+00 -9.852776423889412216e-01
2.724609375000000000e+00 -9.873014181578579906e-01
2.726562500000000000e+00 -9.891765099647809034e-01
2.728515625000000000e+00 -9.909026354277797877e-01
2.730468750000000000e+00 -9.924795345987097450e-01
2.732421875000000000e+00 -9.939069700023560605e-01
2.734375000000000000e+00 -9.951847266721967067e-01
2.736328125000000000e+00 -9.963126121827780013e-01
2.738281250000000000e+00 -9.972904566786902070e-01
2.740234375000000000e+00 -9.981181129001491792e-01
2.742187500000000000e+00 -9.987954562051725160e-01
2.744140625000000000e+00 -9.993223845883496548e-01
2.746093750000000000e+00 -9.996988186962041389e-01
2.748046875000000000e+00 -9.999247018391445030e-01
2.750000000000000000e+00 -1.000000000000000000e+00
2.751953125000000000e+00 -9.999247018391445030e-01
2.753906250000000000e+00 -9.996988186962041389e-01
2.755859375000000000e+00 -9.993223845883496548e-01
2.757812500000000000e+00 -9.987954562051725160e-01
2.759765625000000000e+00 -9.981181129001491792e-01
2.761718750000000000e+00 -9.972904566786904290e-01
2.763671875000000000e+00 -9.963126121827782233e-01
2.765625000000000000e+00 -9.951847266721967067e-01
2.767578125000000000e+00 -9.939069700023561715e-01
2.769531250000000000e+00 -9.924795345987100781e-01
2.771484375000000000e+00 -9.909026354277798987e-01
2.773437500000000000e+00 -9.891765099647811255e-01
2.775390625000000000e+00 -9.873014181578582127e-01
2.777343750000000000e+00 -9.852776423889416657e-01
2.779296875000000000e+00 -9.831054874312166181e-01
2.781250000000000000e+00 -9.807852804032302085e-01
2.783203125000000000e+00 -9.783173707196280988e-01
2.785156250000000000e+00 -9.757021300385286811e-01
2.787109375000000000e+00 -9.729399522055599547e-01
2.789062500000000000e+00 -9.700312531945443073e-01
2.791015625000000000e+00 -9.669764710448521816e-01
2.792968750000000000e+00 -9.637760657954396182e-01
2.794921875000000000e+00 -9.604305194155661196e-01
2.796875000000000000e+00 -9.569403357322087134e-01
2.798828125000000000e+00 -9.533060403541944172e-01
2.800781250000000000e+00 -9.495281805930370078e-01
2.802734375000000000e+00 -9.456073253805212797e-01
2.804687500000000000e+00 -9.415440651830212504e-01
2.806640625000000000e+00 -9.373390119125750708e-01
2.808593750000000000e+00 -9.329927988347386236e-01
2.810546875000000000e+00 -9.285060804732161444e-01
2.812500000000000000e+00 -9.238795325112868495e-01
2.814453125000000000e+00 -9.191138516900572153e-01
2.816406250000000000e+00 -9.142097557035311350e-01
2.818359375000000000e+00 -9.091679830905222692e-01
2.820312500000000000e+00 -9.039892931234442264e-01
2.822265625000000000e+00 -8.986744656939542608e-01
2.824218750000000000e+00 -8.932243011955151024e-01
2.826171875000000000e+00 -8.876396204028547121e-01
2.828125000000000000e+00 -8.819212643483551606e-01
2.830078125000000000e+00 -8.760700941954062682e-01
2.832031250000000000e+00 -8.700869911087121267e-01
2.833984375000000000e+00 -8.639728561215869185e-01
2.835937500000000000e+00 -8.577286100002716740e-01
2.837890625000000000e+00 -8.513551931052657507e-01
2.839843750000000000e+00 -8.448535652497070059e-01
2.841796875000000000e+00 -8.382247055548391890e-01
2.843750000000000000e+00 -8.314696123025457908e-01
2.845703125000000000e+00 -8.245893027850250689e-01
2.847656250000000000e+00 -8.175848131515848216e-01
2.849609375000000000e+00 -8.104571982525951013e-01
2.851562500000000000e+00 -8.032075314806444988e-01
2.853515625000000000e+00 -7.958369046088844545e-01
2.855468750000000000e+00 -7.883464276266064497e-01
2.857421875000000000e+00 -7.807372285720938221e-01
2.859375000000000000e+00 -7.730104533627377705e-01
2.861328125000000000e+00 -7.651672656224588476e-01
2.863281250000000000e+00 -7.572088465064860108e-01
2.865234375000000000e+00 -7.491363945234599253e-01
2.867187500000000000e+00 -7.409511253549588838e-01
2.869140625000000000e+00 -7.326542716724140369e-01
2.871093750000000000e+00 -7.242470829514673358e-01
2.873046875000000000e+00 -7.157308252838181506e-01
2.875000000000000000e+00 -7.071067811865486830e-01
2.876953125000000000e+00 -6.983762494089731376e-01
2.878906250000000000e+00 -6.895405447370662744e-01
2.880859375000000000e+00 -6.806009977954540213e-01
2.882812500000000000e+00 -6.715589548470185521e-01
2.884765625000000000e+00 -6.624157775901735601e-01
2.886718750000000000e+00 -6.531728429537775327e-01
2.888671875000000000e+00 -6.438315428897912751e-01
2.890625000000000000e+00 -6.343932841636470421e-01
2.892578125000000000e+00 -6.248594881423868985e-01
2.894531250000000000e+00 -6.152315905806263752e-01
2.896484375000000000e+00 -6.055110414043268774e-01
2.898437500000000000e+00 -5.956993044924336900e-01
2.900390625000000000e+00 -5.857978574564380869e-01
2.902343750000000000e+00 -5.758081914178464489e-01
2.904296875000000000e+00 -5.657318107836132315e-01
2.906250000000000000e+00 -5.555702330196040650e-01
2.908203125000000000e+00 -5.453249884220472410e-01
2.910156250000000000e+00 -5.349976198870969313e-01
2.912109375000000000e+00 -5.245896826784706146e-01
2.914062500000000000e+00 -5.141027441932223274e-01
2.916015625000000000e+00 -5.035383837257170203e-01
2.917968750000000000e+00 -4.928981922297854812e-01
2.919921875000000000e+00 -4.821837720791230519e-01
2.921875000000000000e+00 -4.713967368259968649e-01
2.923828125000000000e+00 -4.605387109582411709e-01
2.925781250000000000e+00 -4.496113296546065952e-01
2.927734375000000000e+00 -4.386162385385297124e-01
2.929687500000000000e+00 -4.275550934302829731e-01
2.931640625000000000e+00 -4.164295600976368750e-01
2.933593750000000000e+00 -4.052413140049916374e-01
2.935546875000000000e+00 -3.939920400610487095e-01
2.937500000000000000e+00 -3.826834323650891712e-01
2.939453125000000000e+00 -3.713171939518390419e-01
2.941406250000000000e+00 -3.598950365349884439e-01
2.943359375000000000e+00 -3.484186802494336210e-01
2.945312500000000000e+00 -3.368898533922212724e-01
2.947265625000000000e+00 -3.253102921622630372e-01
2.949218750000000000e+00 -3.136817403988936270e-01
2.951171875000000000e+00 -3.020059493192290279e-01
2.953125000000000000e+00 -2.902846772544621090e-01
2.955078125000000000e+00 -2.785196893850550026e-01
2.957031250000000000e+00 -2.667127574748990315e-01
2.958984375000000000e+00 -2.548656596045139611e-01
2.960937500000000000e+00 -2.429801799032654808e-01
2.962890625000000000e+00 -2.310581082806714703e-01
2.964843750000000000e+00 -2.191012401568688539e-01
2.966796875000000000e+00 -2.071113761922198648e-01
2.968750000000000000e+00 -1.950903220161283036e-01
2.970703125000000000e+00 -1.830398879551432267e-01
2.972656250000000000e+00 -1.709618887603022441e-01
2.974609375000000000e+00 -1.588581433338611681e-01
2.976562500000000000e+00 -1.467304744553637186e-01
2.978515625000000000e+00 -1.345807085071268894e-01
2.980468750000000000e+00 -1.224106751992156267e-01
2.982421875000000000e+00 -1.102222072938847247e-01
2.984375000000000000e+00 -9.801714032956099221e-02
2.986328125000000000e+00 -8.579731234443900567e-02
2.988281250000000000e+00 -7.356456359966878633e-02
2.990234375000000000e+00 -6.132073630220865462e-02
2.992187500000000000e+00 -4.906767432742035334e-02
2.994140625000000000e+00 -3.680722294135988643e-02
2.996093750000000000e+00 -2.454122852291205220e-02
2.998046875000000000e+00 -1.227153828572195154e-02
