0.000000000000000000e+00 8.243695641772505521e-05
3.906250000000000000e-03 4.971111347154151816e-01
7.812500000000000000e-03 5.262928020305049914e-01
1.171875000000000000e-02 5.429770133817881650e-01
1.562500000000000000e-02 5.451842061120296679e-01
1.953125000000000000e-02 5.336939465324449516e-01
2.343750000000000000e-02 5.115502181898947676e-01
2.734375000000000000e-02 4.826915819645986039e-01
3.125000000000000000e-02 4.506992977637932496e-01
3.515625000000000000e-02 4.181983288074555549e-01
3.906250000000000000e-02 3.868217310478148097e-01
4.296875000000000000e-02 3.574339588058655925e-01
4.687500000000000000e-02 3.303919086582053910e-01
5.078125000000000000e-02 3.057524677979143735e-01
5.468750000000000000e-02 2.834121508931454203e-01
5.859375000000000000e-02 2.631924160692565851e-01
6.250000000000000000e-02 2.448883387329529038e-01
6.640625000000000000e-02 2.282946599547542588e-01
7.031250000000000000e-02 2.132186115001085402e-01
7.421875000000000000e-02 1.994853297104161871e-01
7.812500000000000000e-02 1.869392866406673348e-01
8.203125000000000000e-02 1.754436982436843873e-01
8.593750000000000000e-02 1.648790009603005868e-01
8.984375000000000000e-02 1.551409873021655228e-01
9.375000000000000000e-02 1.461389074399720434e-01
9.765625000000000000e-02 1.377936858997798886e-01
1.015625000000000000e-01 1.300363162964109642e-01
1.054687500000000000e-01 1.228064513831658155e-01
1.093750000000000000e-01 1.160511826887194731e-01
1.132812500000000000e-01 1.097239934693964858e-01
1.171875000000000000e-01 1.037838648725011581e-01
1.210937500000000000e-01 9.819451485173169569e-02
1.250000000000000000e-01 9.292375070356263811e-02
1.289062500000000000e-01 8.794291812437002309e-02
1.328125000000000000e-01 8.322643190240691657e-02
1.367187500000000000e-01 7.875137549563597517e-02
1.406250000000000000e-01 7.449715868682152409e-02
1.445312500000000000e-01 7.044522420972798571e-02
1.484375000000000000e-01 6.657879570254950086e-02
1.523437500000000000e-01 6.288266058415814541e-02
1.562500000000000000e-01 5.934298249060578762e-02
1.601562500000000000e-01 5.594713878016564085e-02
1.640625000000000000e-01 5.268357934107773671e-02
1.679687500000000000e-01 4.954170354008778643e-02
1.718750000000000000e-01 4.651175265194371772e-02
1.757812500000000000e-01 4.358471552780092406e-02
1.796875000000000000e-01 4.075224560799908108e-02
1.835937500000000000e-01 3.800658767429009738e-02
1.875000000000000000e-01 3.534051297826421717e-02
1.914062500000000000e-01 3.274726158466281095e-02
1.953125000000000000e-01 3.022049093709068546e-02
1.992187500000000000e-01 2.775422979540720023e-02
2.031250000000000000e-01 2.534283681280767239e-02
2.070312500000000000e-01 2.298096312046815637e-02
2.109375000000000000e-01 2.066351837164641728e-02
2.148437500000000000e-01 1.838563976768895977e-02
2.187500000000000000e-01 1.614266364784634061e-02
2.226562500000000000e-01 1.393009927461924709e-02
2.265625000000000000e-01 1.174360448816553874e-02
2.304687500000000000e-01 9.578962938228408053e-03
2.343750000000000000e-01 7.432062630699756874e-03
2.382812500000000000e-01 5.298875549901955334e-03
2.421875000000000000e-01 3.175438136481095568e-03
2.460937500000000000e-01 1.057832415932191770e-03
2.500000000000000000e-01 -2.569120098907109540e-04
2.539062500000000000e-01 -2.924317555444602809e-04
2.578125000000000000e-01 -4.945239195048919002e-04
2.617187500000000000e-01 -7.073209292311098077e-04
2.656250000000000000e-01 -9.351016163362208065e-04
2.695312500000000000e-01 -1.182142133255300416e-03
2.734375000000000000e-01 -1.452715802710785901e-03
2.773437500000000000e-01 -1.751093435530850324e-03
2.812500000000000000e-01 -2.081544229288562805e-03
2.851562500000000000e-01 -2.448337365124440314e-03
2.890625000000000000e-01 -2.855744426542341716e-03
2.929687500000000000e-01 -3.308042771505092638e-03
2.968750000000000000e-01 -3.809519997997960240e-03
3.007812500000000000e-01 -4.364479653992764559e-03
3.046875000000000000e-01 -4.977248354935824744e-03
3.085937500000000000e-01 -5.652184486553720258e-03
3.125000000000000000e-01 -6.393688687650177054e-03
3.164062500000000000e-01 -7.206216327626350192e-03
3.203125000000000000e-01 -8.094292216796432696e-03
3.242187500000000000e-01 -9.062527815068844791e-03
3.281250000000000000e-01 -1.011564123724963647e-02
3.320312500000000000e-01 -1.125848039156932164e-02
3.359375000000000000e-01 -1.249604963393477312e-02
3.398437500000000000e-01 -1.383354037492465390e-02
3.437500000000000000e-01 -1.527636614185170008e-02
3.476562500000000000e-01 -1.683020267659801616e-02
3.515625000000000000e-01 -1.850103374441482498e-02
3.554687500000000000e-01 -2.029520344310760047e-02
3.593750000000000000e-01 -2.221947594048057778e-02
3.632812500000000000e-01 -2.428110373685905821e-02
3.671875000000000000e-01 -2.648790575561219690e-02
3.710937500000000000e-01 -2.884835681773988136e-02
3.750000000000000000e-01 -3.137169036816285506e-02
3.789062500000000000e-01 -3.406801670695502188e-02
3.828125000000000000e-01 -3.694845945728978537e-02
3.867187500000000000e-01 -4.002531359932966909e-02
3.906250000000000000e-01 -4.331222914791740819e-02
3.945312500000000000e-01 -4.682442549529305248e-02
3.984375000000000000e-01 -5.057894263497240278e-02
4.023437500000000000e-01 -5.459493700477642542e-02
4.062500000000000000e-01 -5.889403163729264867e-02
4.101562500000000000e-01 -6.350073282048650236e-02
4.140625000000000000e-01 -6.844292873498640517e-02
4.179687500000000000e-01 -7.375248980004102395e-02
4.218750000000000000e-01 -7.946599607615674465e-02
4.257812500000000000e-01 -8.562562452226984977e-02
4.296875000000000000e-01 -9.228023886763801753e-02
4.335937500000000000e-01 -9.948673829107179678e-02
4.375000000000000000e-01 -1.073117393666912223e-01
4.414062500000000000e-01 -1.158336907952461914e-01
4.453125000000000000e-01 -1.251455551258232879e-01
4.492187500000000000e-01 -1.353582401094344523e-01
4.531250000000000000e-01 -1.466050305459939695e-01
4.570312500000000000e-01 -1.590473683264972127e-01
4.609375000000000000e-01 -1.728824667297296225e-01
4.648437500000000000e-01 -1.883534434703235394e-01
4.687500000000000000e-01 -2.057629413602983792e-01
4.726562500000000000e-01 -2.254916090297557352e-01
4.765625000000000000e-01 -2.480233715379681070e-01
4.804687500000000000e-01 -2.739801405114429822e-01
4.843750000000000000e-01 -3.041693861951280664e-01
4.882812500000000000e-01 -3.396483067086038532e-01
4.921875000000000000e-01 -3.818064140114562632e-01
4.960937500000000000e-01 -4.324586853631595673e-01
5.000000000000000000e-01 -4.939075900352244419e-01
5.039062500000000000e-01 -5.688282355183070793e-01
5.078125000000000000e-01 -6.595433672128766522e-01
5.117187500000000000e-01 -7.656114028438776309e-01
5.156250000000000000e-01 -8.780192993718020089e-01
5.195312500000000000e-01 -9.712979375240156088e-01
5.234375000000000000e-01 -1.007925354123198503e+00
5.273437500000000000e-01 -9.697490884447563797e-01
5.312500000000000000e-01 -8.789755551388616084e-01
5.351562500000000000e-01 -7.720789953872737588e-01
5.390625000000000000e-01 -6.718556946416273101e-01
5.429687500000000000e-01 -5.859778597802332012e-01
5.468750000000000000e-01 -5.146753466929460119e-01
5.507812500000000000e-01 -4.558240545370821906e-01
5.546875000000000000e-01 -4.070073907751898257e-01
5.585937500000000000e-01 -3.661374281680681575e-01
5.625000000000000000e-01 -3.315564751613055972e-01
5.664062500000000000e-01 -3.019854831562641673e-01
5.703125000000000000e-01 -2.764438667897414215e-01
5.742187500000000000e-01 -2.541773100558983312e-01
5.781250000000000000e-01 -2.346009915612303209e-01
5.820312500000000000e-01 -2.172570584726965792e-01
5.859375000000000000e-01 -2.017833158942096972e-01
5.898437500000000000e-01 -1.878902470669583935e-01
5.937500000000000000e-01 -1.753440865675225668e-01
5.976562500000000000e-01 -1.639542641038377602e-01
6.015625000000000000e-01 -1.535640090379768452e-01
6.054687500000000000e-01 -1.440432534982107604e-01
6.093750000000000000e-01 -1.352832199995086249e-01
6.132812500000000000e-01 -1.271922543485878299e-01
6.171875000000000000e-01 -1.196925875801359285e-01
6.210937500000000000e-01 -1.127177973920116399e-01
6.250000000000000000e-01 -1.062108010489169890e-01
6.289062500000000000e-01 -1.001222556556848747e-01
6.328125000000000000e-01 -9.440927333384792342e-02
6.367187500000000000e-01 -8.903438180502276644e-02
6.406250000000000000e-01 -8.396467770577455136e-02
6.445312500000000000e-01 -7.917113238221236415e-02
6.484375000000000000e-01 -7.462801916382440226e-02
6.523437500000000000e-01 -7.031243806157236320e-02
6.562500000000000000e-01 -6.620391908952945326e-02
6.601562500000000000e-01 -6.228408941483103839e-02
6.640625000000000000e-01 -5.853639261583998277e-02
6.679687500000000000e-01 -5.494585070566719576e-02
6.718750000000000000e-01 -5.149886142828333929e-02
6.757812500000000000e-01 -4.818302478297372543e-02
6.796875000000000000e-01 -4.498699387440300429e-02
6.835937500000000000e-01 -4.190034608955810203e-02
6.875000000000000000e-01 -3.891347132328903252e-02
6.914062500000000000e-01 -3.601747455082918853e-02
6.953125000000000000e-01 -3.320409050966902087e-02
6.992187500000000000e-01 -3.046560862802130676e-02
7.031250000000000000e-01 -2.779480664149710720e-02
7.070312500000000000e-01 -2.518489158704970490e-02
7.109375000000000000e-01 -2.262944706602253858e-02
7.148437500000000000e-01 -2.012238583350585072e-02
7.187500000000000000e-01 -1.765790690748811342e-02
7.226562500000000000e-01 -1.523045650283154535e-02
7.265625000000000000e-01 -1.283469218677367983e-02
7.304687500000000000e-01 -1.046544972775915495e-02
7.343750000000000000e-01 -8.117712170443328740e-03
7.382812500000000000e-01 -5.786580719267205193e-03
7.421875000000000000e-01 -3.467247052157761741e-03
7.460937500000000000e-01 -1.154966716643954358e-03
7.500000000000000000e-01 2.356270363646159344e-04
7.539062500000000000e-01 1.576303086788615718e-04
7.578125000000000000e-01 2.701239831402248181e-04
7.617187500000000000e-01 3.937258634867071470e-04
7.656250000000000000e-01 5.328754165037203304e-04
7.695312500000000000e-01 6.920087119544613471e-04
7.734375000000000000e-01 8.755580543392435218e-04
7.773437500000000000e-01 1.087952074026233597e-03
7.812500000000000000e-01 1.333616388574260583e-03
7.851562500000000000e-01 1.616974950380774701e-03
7.890625000000000000e-01 1.942452203479540620e-03
7.929687500000000000e-01 2.314476180152105680e-03
7.968750000000000000e-01 2.737482677391016826e-03
8.007812500000000000e-01 3.215920664320452531e-03
8.046875000000000000e-01 3.754259084437504539e-03
8.085937500000000000e-01 4.356995231728709797e-03
8.125000000000000000e-01 5.028664897096870277e-03
8.164062500000000000e-01 5.773854502227336247e-03
8.203125000000000000e-01 6.597215461890914429e-03
8.242187500000000000e-01 7.503481043916979641e-03
8.281250000000000000e-01 8.497486029287036613e-03
8.320312500000000000e-01 9.584189513827249748e-03
8.359375000000000000e-01 1.076870123965976457e-02
8.398437500000000000e-01 1.205631189951868187e-02
8.437500000000000000e-01 1.345252792336703793e-02
8.476562500000000000e-01 1.496311133550492015e-02
8.515625000000000000e-01 1.659412536585615564e-02
8.554687500000000000e-01 1.835198661390601005e-02
8.593750000000000000e-01 2.024352470322346095e-02
8.632812500000000000e-01 2.227605053421720729e-02
8.671875000000000000e-01 2.445743444999179395e-02
8.710937500000000000e-01 2.679619588448633669e-02
8.750000000000000000e-01 2.930160637518441219e-02
8.789062500000000000e-01 3.198380820988207945e-02
8.828125000000000000e-01 3.485395145803185657e-02
8.867187500000000000e-01 3.792435273723666206e-02
8.906250000000000000e-01 4.120867981783593592e-02
8.945312500000000000e-01 4.472216711661806260e-02
8.984375000000000000e-01 4.848186833148784153e-02
9.023437500000000000e-01 5.250695399891796428e-02
9.062500000000000000e-01 5.681906371612018003e-02
9.101562500000000000e-01 6.144272529801569904e-02
9.140625000000000000e-01 6.640585641970379871e-02
9.179687500000000000e-01 7.174036858334945088e-02
9.218750000000000000e-01 7.748289889308578038e-02
9.257812500000000000e-01 8.367570260906978530e-02
9.296875000000000000e-01 9.036774946219486293e-02
9.335937500000000000e-01 9.761608020468361124e-02
9.375000000000000000e-01 1.054874982151781937e-01
9.414062500000000000e-01 1.140606961304497513e-01
9.453125000000000000e-01 1.234289522702923109e-01
9.492187500000000000e-01 1.337035801720820871e-01
9.531250000000000000e-01 1.450183828607834735e-01
9.570312500000000000e-01 1.575354603143522547e-01
9.609375000000000000e-01 1.714528566768613593e-01
9.648437500000000000e-01 1.870147313201480643e-01
9.687500000000000000e-01 2.045250198968844857e-01
9.726562500000000000e-01 2.243659495546638238e-01
9.765625000000000000e-01 2.470233170395682576e-01
9.804687500000000000e-01 2.731211289503007733e-01
9.843750000000000000e-01 3.034689092547601108e-01
9.882812500000000000e-01 3.391251380662491099e-01
9.921875000000000000e-01 3.814780127605075233e-01
9.960937500000000000e-01 4.323342260221482714e-01
1.000000000000000000e+00 4.939707695501028284e-01
1.003906250000000000e+00 5.689970565906918853e-01
1.007812500000000000e+00 6.595828999393485992e-01
1.011718750000000000e+00 7.649764559798004626e-01
1.015625000000000000e+00 8.757083748982625870e-01
1.019531250000000000e+00 9.661656001311894615e-01
1.023437500000000000e+00 9.999175789080814170e-01
1.027343750000000000e+00 9.606010183517921242e-01
1.031250000000000000e+00 8.706696830539605303e-01
1.035156250000000000e+00 7.654425571093806946e-01
1.039062500000000000e+00 6.668170386416855111e-01
1.042968750000000000e+00 5.821860090159108880e-01
1.046875000000000000e+00 5.117928453751787732e-01
1.050781250000000000e+00 4.535951191458043597e-01
1.054687500000000000e+00 4.052514604584477875e-01
1.058593750000000000e+00 3.647291379661357080e-01
1.062500000000000000e+00 3.304083519558192461e-01
1.066406250000000000e+00 3.010356528239958585e-01
1.070312500000000000e+00 2.756478181724102972e-01
1.074218750000000000e+00 2.535024554200359104e-01
1.078125000000000000e+00 2.340230610281794910e-01
1.082031250000000000e+00 2.167576826231552845e-01
1.085937500000000000e+00 2.013483809338350028e-01
1.089843750000000000e+00 1.875087577350116608e-01
1.093750000000000000e+00 1.750073674145469493e-01
1.097656250000000000e+00 1.636553896976200850e-01
1.101562500000000000e+00 1.532973914448504393e-01
1.105468750000000000e+00 1.438043394464823821e-01
1.109375000000000000e+00 1.350682656444902874e-01
1.113281250000000000e+00 1.269981556992905436e-01
1.117187500000000000e+00 1.195167513709527035e-01
1.121093750000000000e+00 1.125580417030010300e-01
1.125000000000000000e+00 1.060652780593162314e-01
1.128906250000000000e+00 9.998939104276188816e-02
1.132812500000000000e+00 9.428771831717801255e-02
1.136718750000000000e+00 8.892297488903984359e-02
1.140625000000000000e+00 8.386241392710779008e-02
1.144531250000000000e+00 7.907713841343758099e-02
1.148437500000000000e+00 7.454153302379792900e-02
1.152343750000000000e+00 7.023279247646214973e-02
1.156250000000000000e+00 6.613052776760956764e-02
1.160156250000000000e+00 6.221643566263899972e-02
1.164062500000000000e+00 5.847401984778562156e-02
1.167968750000000000e+00 5.488835449430585350e-02
1.171875000000000000e+00 5.144588281547473468e-02
1.175781250000000000e+00 4.813424462894102390e-02
1.179687500000000000e+00 4.494212806562964541e-02
1.183593750000000000e+00 4.185914146125206681e-02
1.187500000000000000e+00 3.887570217943839279e-02
1.191406250000000000e+00 3.598293968657706454e-02
1.195312500000000000e+00 3.317261065816120430e-02
1.199218750000000000e+00 3.043702426772690664e-02
1.203125000000000000e+00 2.776897611137351535e-02
1.207031250000000000e+00 2.516168946605015777e-02
1.210937500000000000e+00 2.260876278089962374e-02
1.214843750000000000e+00 2.010412246505459410e-02
1.218750000000000000e+00 1.764198017051571421e-02
1.222656250000000000e+00 1.521679387928005257e-02
1.226562500000000000e+00 1.282323219509298035e-02
1.230468750000000000e+00 1.045614131461120380e-02
1.234375000000000000e+00 8.110514213405728076e-03
1.238281250000000000e+00 5.781461631492426818e-03
1.242187500000000000e+00 3.464184481861389692e-03
1.246093750000000000e+00 1.153947336123152534e-03
1.250000000000000000e+00 -2.358361680242701530e-04
1.253906250000000000e+00 -1.589937510762092702e-04
1.257812500000000000e+00 -2.723937354126954274e-04
1.261718750000000000e+00 -3.968979510078853479e-04
1.265625000000000000e+00 -5.369442807414789203e-04
1.269531250000000000e+00 -6.969672165370204616e-04
1.273437500000000000e+00 -8.813974929645502750e-04
1.277343750000000000e+00 -1.094662180338974592e-03
1.281250000000000000e+00 -1.341185348132877941e-03
1.285156250000000000e+00 -1.625389414825199885e-03
1.289062500000000000e+00 -1.951697307058923494e-03
1.292968750000000000e+00 -2.324535558748504465e-03
1.296875000000000000e+00 -2.748338490213862034e-03
1.300781250000000000e+00 -3.227553618396100145e-03
1.304687500000000000e+00 -3.766648462088114779e-03
1.308593750000000000e+00 -4.370118921120089150e-03
1.312500000000000000e+00 -5.042499426035918116e-03
1.316406250000000000e+00 -5.788375075280965606e-03
1.320312500000000000e+00 -6.612396000890545002e-03
1.324218750000000000e+00 -7.519294231914643023e-03
1.328125000000000000e+00 -8.513903357935899419e-03
1.332031250000000000e+00 -9.601181334159367142e-03
1.335937500000000000e+00 -1.078623681610372219e-02
1.339843750000000000e+00 -1.207435946708526608e-02
1.343750000000000000e+00 -1.347105474762805115e-02
1.347656250000000000e+00 -1.498208377518255550e-02
1.351562500000000000e+00 -1.661350893752180230e-02
1.355468750000000000e+00 -1.837174605833007471e-02
1.359375000000000000e+00 -2.026362405278574544e-02
1.363281250000000000e+00 -2.229645318061445128e-02
1.367187500000000000e+00 -2.447810321145964252e-02
1.371093750000000000e+00 -2.681709307150623167e-02
1.375000000000000000e+00 -2.932269385356245026e-02
1.378906250000000000e+00 -3.200504745989066202e-02
1.382812500000000000e+00 -3.487530362811071261e-02
1.386718750000000000e+00 -3.794577869049350904e-02
1.390625000000000000e+00 -4.123014016938484488e-02
1.394531250000000000e+00 -4.474362225941317522e-02
1.398437500000000000e+00 -4.850327844796598065e-02
1.402343750000000000e+00 -5.252827905530164931e-02
1.406250000000000000e+00 -5.684026343563022138e-02
1.410156250000000000e+00 -6.146375910863861869e-02
1.414062500000000000e+00 -6.642668337111418131e-02
1.417968750000000000e+00 -7.176094722661437164e-02
1.421875000000000000e+00 -7.750318711535446325e-02
1.425781250000000000e+00 -8.369565741346875198e-02
1.429687500000000000e+00 -9.038732668119445202e-02
1.433593750000000000e+00 -9.763523413182623178e-02
1.437500000000000000e+00 -1.055061811368361024e-01
1.441406250000000000e+00 -1.140788577341375620e-01
1.445312500000000000e+00 -1.234465389006706298e-01
1.449218750000000000e+00 -1.337205338985742453e-01
1.453125000000000000e+00 -1.450346403133953854e-01
1.457031250000000000e+00 -1.575509512362460729e-01
1.460937500000000000e+00 -1.714675021383916809e-01
1.464843750000000000e+00 -1.870284415440728321e-01
1.468750000000000000e+00 -2.045376916750066831e-01
1.472656250000000000e+00 -2.243774633269801921e-01
1.476562500000000000e+00 -2.470335339339364833e-01
1.480468750000000000e+00 -2.731298886212451538e-01
1.484375000000000000e+00 -3.034760306094989035e-01
1.488281250000000000e+00 -3.391304278499105429e-01
1.492187500000000000e+00 -3.814812936247047870e-01
1.496093750000000000e+00 -4.323354110394848071e-01
1.500000000000000000e+00 -4.939700447629216673e-01
1.503906250000000000e+00 -5.689953054231243756e-01
1.507812500000000000e+00 -6.595826168775940079e-01
1.511718750000000000e+00 -7.649833727341504019e-01
1.515625000000000000e+00 -8.757329011083465620e-01
1.519531250000000000e+00 -9.662194148355762735e-01
1.523437500000000000e+00 -1.000000868838277102e+00
1.527343750000000000e+00 -9.606957327087140008e-01
1.531250000000000000e+00 -8.707555493441615502e-01
1.535156250000000000e+00 -7.655111884807969114e-01
1.539062500000000000e+00 -6.668692003149917502e-01
1.542968750000000000e+00 -5.822253076189195520e-01
1.546875000000000000e+00 -5.118227495505157654e-01
1.550781250000000000e+00 -4.536182623869832176e-01
1.554687500000000000e+00 -4.052697049468350632e-01
1.558593750000000000e+00 -3.647437785698686152e-01
1.562500000000000000e+00 -3.304202933102919904e-01
1.566406250000000000e+00 -3.010455354996813826e-01
1.570312500000000000e+00 -2.756561033912577341e-01
1.574218750000000000e+00 -2.535094811045543461e-01
1.578125000000000000e+00 -2.340290790055503112e-01
1.582031250000000000e+00 -2.167628835985659363e-01
1.585937500000000000e+00 -2.013529114991454982e-01
1.589843750000000000e+00 -1.875127321369945421e-01
1.593750000000000000e+00 -1.750108758270563503e-01
1.597656250000000000e+00 -1.636585041263524387e-01
1.601562500000000000e+00 -1.533001700047046945e-01
1.605468750000000000e+00 -1.438068295030046628e-01
1.609375000000000000e+00 -1.350705061513878258e-01
1.613281250000000000e+00 -1.270001789588309227e-01
1.617187500000000000e+00 -1.195185843750748295e-01
1.621093750000000000e+00 -1.125597071656192494e-01
1.625000000000000000e+00 -1.060667952190252755e-01
1.628906250000000000e+00 -9.999077629272899725e-02
1.632812500000000000e+00 -9.428898570361352038e-02
1.636718750000000000e+00 -8.892413650907765588e-02
1.640625000000000000e+00 -8.386348024855151684e-02
1.644531250000000000e+00 -7.907811853378698963e-02
1.648437500000000000e+00 -7.454243488128281525e-02
1.652343750000000000e+00 -7.023362302319216544e-02
1.656250000000000000e+00 -6.613129311237425645e-02
1.660156250000000000e+00 -6.221714118942219679e-02
1.664062500000000000e+00 -5.847467031450261088e-02
1.667968750000000000e+00 -5.488895411558183252e-02
1.671875000000000000e+00 -5.144643533228891730e-02
1.675781250000000000e+00 -4.813475336743811006e-02
1.679687500000000000e+00 -4.494259598704097164e-02
1.683593750000000000e+00 -4.185957120432691470e-02
1.687500000000000000e+00 -3.887609609671800054e-02
1.691406250000000000e+00 -3.598329987538340102e-02
1.695312500000000000e+00 -3.317293898719979317e-02
1.699218750000000000e+00 -3.043732239991373684e-02
1.703125000000000000e+00 -2.776924552348804601e-02
1.707031250000000000e+00 -2.516193146559907862e-02
1.710937500000000000e+00 -2.260897852062062827e-02
1.714843750000000000e+00 -2.010431295537480970e-02
1.718750000000000000e+00 -1.764214629014546759e-02
1.722656250000000000e+00 -1.521693638427600200e-02
1.726562500000000000e+00 -1.282335172644896541e-02
1.730468750000000000e+00 -1.045623840460594214e-02
1.734375000000000000e+00 -8.110589290785090097e-03
1.738281250000000000e+00 -5.781515025583398339e-03
1.742187500000000000e+00 -3.464216425707081996e-03
1.746093750000000000e+00 -1.153957968679634278e-03
1.750000000000000000e+00 2.358339851908876545e-04
1.753906250000000000e+00 1.589795244040088885e-04
1.757812500000000000e+00 2.723700519680680556e-04
1.761718750000000000e+00 3.968648522762262916e-04
1.765625000000000000e+00 5.369018247378545090e-04
1.769531250000000000e+00 6.969154777440119851e-04
1.773437500000000000e+00 8.813365622467889821e-04
1.777343750000000000e+00 1.094592164849907297e-03
1.781250000000000000e+00 1.341106371182685178e-03
1.785156250000000000e+00 1.625301615725405343e-03
1.789062500000000000e+00 1.951600840961176296e-03
1.792968750000000000e+00 2.324430596444513730e-03
1.796875000000000000e+00 2.748225217902311619e-03
1.800781250000000000e+00 3.227432237434022660e-03
1.804687500000000000e+00 3.766519188693708085e-03
1.808593750000000000e+00 4.369981986063876597e-03
1.812500000000000000e+00 5.042355074287236186e-03
1.816406250000000000e+00 5.788223565607832598e-03
1.820312500000000000e+00 6.612237605449818728e-03
1.824218750000000000e+00 7.519129235795561292e-03
1.828125000000000000e+00 8.513732058645346809e-03
1.832031250000000000e+00 9.601004041112975659e-03
1.835937500000000000e+00 1.078605385004897423e-02
1.839843750000000000e+00 1.207417115950908289e-02
1.843750000000000000e+00 1.347086144013327248e-02
1.847656250000000000e+00 1.498188581882559621e-02
1.851562500000000000e+00 1.661330669214641440e-02
1.855468750000000000e+00 1.837153989187003539e-02
1.859375000000000000e+00 2.026341434055781848e-02
1.863281250000000000e+00 2.229624030461913736e-02
1.867187500000000000e+00 2.447788755967610086e-02
1.871093750000000000e+00 2.681687503720272051e-02
1.875000000000000000e+00 2.932247383464175669e-02
1.878906250000000000e+00 3.200482585827436194e-02
1.882812500000000000e+00 3.487508084917199241e-02
1.886718750000000000e+00 3.794555514257934303e-02
1.890625000000000000e+00 4.122991626341974275e-02
1.894531250000000000e+00 4.474339840863503226e-02
1.898437500000000000e+00 4.850305506779981068e-02
1.902343750000000000e+00 5.252805656341785756e-02
1.906250000000000000e+00 5.684004225223402568e-02
1.910156250000000000e+00 6.146353965700224881e-02
1.914062500000000000e+00 6.642646607844708562e-02
1.917968750000000000e+00 7.176073252532381985e-02
1.921875000000000000e+00 7.750297544476647538e-02
1.925781250000000000e+00 8.369544922211817617e-02
1.929687500000000000e+00 9.038712242982208100e-02
1.933593750000000000e+00 9.763503429722276972e-02
1.937500000000000000e+00 1.055059862167233159e-01
1.941406250000000000e+00 1.140786682533344726e-01
1.945312500000000000e+00 1.234463554188629519e-01
1.949218750000000000e+00 1.337203570200418967e-01
1.953125000000000000e+00 1.450344706991503752e-01
1.957031250000000000e+00 1.575507896191365165e-01
1.960937500000000000e+00 1.714673493417311900e-01
1.964843750000000000e+00 1.870282985043293933e-01
1.968750000000000000e+00 2.045375594687552645e-01
1.972656250000000000e+00 2.243773432013718427e-01
1.976562500000000000e+00 2.470334273375977829e-01
1.980468750000000000e+00 2.731297972268282859e-01
1.984375000000000000e+00 3.034759563061500409e-01
1.988281250000000000e+00 3.391303726537736596e-01
1.992187500000000000e+00 3.814812593862387247e-01
1.996093750000000000e+00 4.323353986663976967e-01
2.000000000000000000e+00 4.939700523163383927e-01
2.003906250000000000e+00 5.689953236910312295e-01
2.007812500000000000e+00 6.595826198445442490e-01
2.011718750000000000e+00 7.649833006169466376e-01
2.015625000000000000e+00 8.757326453188750692e-01
2.019531250000000000e+00 9.662188535740799944e-01
2.023437500000000000e+00 1.000000000000000000e+00
2.027343750000000000e+00 9.606947446500039289e-01
2.031250000000000000e+00 8.707546535746870653e-01
2.035156250000000000e+00 7.655104725110817299e-01
2.039062500000000000e+00 6.668686561647384492e-01
2.042968750000000000e+00 5.822248976609130100e-01
2.046875000000000000e+00 5.118224375972271201e-01
2.050781250000000000e+00 4.536180209642649563e-01
2.054687500000000000e+00 4.052695146276542038e-01
2.058593750000000000e+00 3.647436258458532365e-01
2.062500000000000000e+00 3.304201687441866153e-01
2.066406250000000000e+00 3.010454324090654499e-01
2.070312500000000000e+00 2.756560169647101488e-01
2.074218750000000000e+00 2.535094078169314313e-01
2.078125000000000000e+00 2.340290162298551691e-01
2.082031250000000000e+00 2.167628293454195998e-01
2.085937500000000000e+00 2.013528642393543344e-01
2.089843750000000000e+00 1.875126906787857595e-01
2.093750000000000000e+00 1.750108392297741733e-01
2.097656250000000000e+00 1.636584716388641281e-01
2.101562500000000000e+00 1.533001410207918691e-01
2.105468750000000000e+00 1.438068035285699486e-01
2.109375000000000000e+00 1.350704827800897900e-01
2.113281250000000000e+00 1.270001578537109932e-01
2.117187500000000000e+00 1.195185652545652927e-01
2.121093750000000000e+00 1.125596897927863965e-01
2.125000000000000000e+00 1.060667793931850955e-01
2.128906250000000000e+00 9.999076184287127023e-02
2.132812500000000000e+00 9.428897248322729019e-02
2.136718750000000000e+00 8.892412439196635543e-02
2.140625000000000000e+00 8.386346912552609945e-02
2.144531250000000000e+00 7.907810830994653484e-02
2.148437500000000000e+00 7.454242547381970119e-02
2.152343750000000000e+00 7.023361435958949683e-02
2.156250000000000000e+00 6.613128512890829869e-02
2.160156250000000000e+00 6.221713382993093733e-02
2.164062500000000000e+00 5.847466352935623557e-02
2.167968750000000000e+00 5.488894786081257443e-02
2.171875000000000000e+00 5.144642956888210300e-02
2.175781250000000000e+00 4.813474806068725881e-02
2.179687500000000000e+00 4.494259110606219770e-02
2.183593750000000000e+00 4.185956672159666520e-02
2.187500000000000000e+00 3.887609198769234609e-02
2.191406250000000000e+00 3.598329611818917168e-02
2.195312500000000000e+00 3.317293556233741336e-02
2.199218750000000000e+00 3.043731929004162701e-02
2.203125000000000000e+00 2.776924271320117127e-02
2.207031250000000000e+00 2.516192894125608703e-02
2.210937500000000000e+00 2.260897627020011860e-02
2.214843750000000000e+00 2.010431096833547801e-02
2.218750000000000000e+00 1.764214455732315140e-02
2.222656250000000000e+00 1.521693489778074872e-02
2.226562500000000000e+00 1.282335047959509526e-02
2.230468750000000000e+00 1.045623739184212662e-02
2.234375000000000000e+00 8.110588507639964959e-03
2.238281250000000000e+00 5.781514468620891842e-03
2.242187500000000000e+00 3.464216092493387945e-03
2.246093750000000000e+00 1.153957857769620466e-03
2.250000000000000000e+00 -2.358340079594897624e-04
2.253906250000000000e+00 -1.589796728039381151e-04
2.257812500000000000e+00 -2.723702990157532617e-04
2.261718750000000000e+00 -3.968651975307467940e-04
2.265625000000000000e+00 -5.369022676028989503e-04
2.269531250000000000e+00 -6.969160174368004912e-04
2.273437500000000000e+00 -8.813371978252662001e-04
2.277343750000000000e+00 -1.094592895193318913e-03
2.281250000000000000e+00 -1.341107195001289441e-03
2.285156250000000000e+00 -1.625302531570185132e-03
2.289062500000000000e+00 -1.951601847212185246e-03
2.292968750000000000e+00 -2.324431691322530105e-03
2.296875000000000000e+00 -2.748226399461067837e-03
2.300781250000000000e+00 -3.227433503575747112e-03
2.304687500000000000e+00 -3.766520537161352055e-03
2.308593750000000000e+00 -4.369983414454713631e-03
2.312500000000000000e+00 -5.042356580039265325e-03
2.316406250000000000e+00 -5.788225146026969303e-03
2.320312500000000000e+00 -6.612239257696299853e-03
2.324218750000000000e+00 -7.519130956891715775e-03
2.328125000000000000e+00 -8.513733845493075617e-03
2.332031250000000000e+00 -9.601005890480154153e-03
2.335937500000000000e+00 -1.078605575859470714e-02
2.339843750000000000e+00 -1.207417312377204177e-02
2.343750000000000000e+00 -1.347086345655113156e-02
2.347656250000000000e+00 -1.498188788373890946e-02
2.351562500000000000e+00 -1.661330880179666750e-02
2.355468750000000000e+00 -1.837154204242102615e-02
2.359375000000000000e+00 -2.026341652809758934e-02
2.363281250000000000e+00 -2.229624252515998231e-02
2.367187500000000000e+00 -2.447788980917203414e-02
2.371093750000000000e+00 -2.681687731154949045e-02
2.375000000000000000e+00 -2.932247612969237846e-02
2.378906250000000000e+00 -3.200482816983328538e-02
2.382812500000000000e+00 -3.487508317301065558e-02
2.386718750000000000e+00 -3.794555747444004756e-02
2.390625000000000000e+00 -4.122991859901564693e-02
2.394531250000000000e+00 -4.474340074365598663e-02
2.398437500000000000e+00 -4.850305739791042209e-02
2.402343750000000000e+00 -5.252805888426525377e-02
2.406250000000000000e+00 -5.684004455943036244e-02
2.410156250000000000e+00 -6.146354194613443123e-02
2.414062500000000000e+00 -6.642646834505928910e-02
2.417968750000000000e+00 -7.176073476490582581e-02
2.421875000000000000e+00 -7.750297765273428396e-02
2.425781250000000000e+00 -8.369545139379257204e-02
2.429687500000000000e+00 -9.038712456039955934e-02
2.433593750000000000e+00 -9.763503638172887911e-02
2.437500000000000000e+00 -1.055059882499641555e-01
2.441406250000000000e+00 -1.140786702298373506e-01
2.445312500000000000e+00 -1.234463573327890806e-01
2.449218750000000000e+00 -1.337203588650892061e-01
2.453125000000000000e+00 -1.450344724684224373e-01
2.457031250000000000e+00 -1.575507913049891406e-01
2.460937500000000000e+00 -1.714673509355750802e-01
2.464843750000000000e+00 -1.870282999964002768e-01
2.468750000000000000e+00 -2.045375608478173513e-01
2.472656250000000000e+00 -2.243773444544199802e-01
2.476562500000000000e+00 -2.470334284495211696e-01
2.480468750000000000e+00 -2.731297981801755759e-01
2.484375000000000000e+00 -3.034759570812187168e-01
2.488281250000000000e+00 -3.391303732295316009e-01
2.492187500000000000e+00 -3.814812597433835384e-01
2.496093750000000000e+00 -4.323353987954621780e-01
2.500000000000000000e+00 -4.939700522375446989e-01
2.503906250000000000e+00 -5.689953235004733267e-01
2.507812500000000000e+00 -6.595826198135966711e-01
2.511718750000000000e+00 -7.649833013692098893e-01
2.515625000000000000e+00 -8.757326479870646274e-01
2.519531250000000000e+00 -9.662188593605423037e-01
2.523437500000000000e+00 -1.000000009072190776e+00
2.527343750000000000e+00 -9.606947549670040720e-01
2.531250000000000000e+00 -8.707546629280380479e-01
2.535156250000000000e+00 -7.655104799870188215e-01
2.539062500000000000e+00 -6.668686618465881066e-01
2.542968750000000000e+00 -5.822249019415340898e-01
2.546875000000000000e+00 -5.118224408546226956e-01
2.550781250000000000e+00 -4.536180234850917259e-01
2.554687500000000000e+00 -4.052695166149091754e-01
2.558593750000000000e+00 -3.647436274405275181e-01
2.562500000000000000e+00 -3.304201700449182488e-01
2.566406250000000000e+00 -3.010454334854840153e-01
2.570312500000000000e+00 -2.756560178671496053e-01
2.574218750000000000e+00 -2.535094085821610332e-01
2.578125000000000000e+00 -2.340290168853731700e-01
2.582031250000000000e+00 -2.167628299118968815e-01
2.585937500000000000e+00 -2.013528647328135801e-01
2.589843750000000000e+00 -1.875126911117067918e-01
2.593750000000000000e+00 -1.750108396118980059e-01
2.597656250000000000e+00 -1.636584719780894981e-01
2.601562500000000000e+00 -1.533001413234227339e-01
2.605468750000000000e+00 -1.438068037998080639e-01
2.609375000000000000e+00 -1.350704830241151455e-01
2.613281250000000000e+00 -1.270001580740839631e-01
2.617187500000000000e+00 -1.195185654542081644e-01
2.621093750000000000e+00 -1.125596899741980739e-01
2.625000000000000000e+00 -1.060667795584332440e-01
2.628906250000000000e+00 -9.999076199374773433e-02
2.632812500000000000e+00 -9.428897262128403678e-02
2.636718750000000000e+00 -8.892412451848341615e-02
2.640625000000000000e+00 -8.386346924166888928e-02
2.644531250000000000e+00 -7.907810841669402069e-02
2.648437500000000000e+00 -7.454242557206149089e-02
2.652343750000000000e+00 -7.023361445004623616e-02
2.656250000000000000e+00 -6.613128521226950551e-02
2.660156250000000000e+00 -6.221713390677156841e-02
2.664062500000000000e+00 -5.847466360021044696e-02
2.667968750000000000e+00 -5.488894792612322715e-02
2.671875000000000000e+00 -5.144642962905709993e-02
2.675781250000000000e+00 -4.813474811610924525e-02
2.679687500000000000e+00 -4.494259115702253088e-02
2.683593750000000000e+00 -4.185956676840224544e-02
2.687500000000000000e+00 -3.887609203059567975e-02
2.691406250000000000e+00 -3.598329615742528603e-02
2.695312500000000000e+00 -3.317293559809472714e-02
2.699218750000000000e+00 -3.043731932251631314e-02
2.703125000000000000e+00 -2.776924274254279415e-02
2.707031250000000000e+00 -2.516192896761809683e-02
2.710937500000000000e+00 -2.260897629369711462e-02
2.714843750000000000e+00 -2.010431098908205955e-02
2.718750000000000000e+00 -1.764214457542032446e-02
2.722656250000000000e+00 -1.521693491330038117e-02
2.726562500000000000e+00 -1.282335049261488190e-02
2.730468750000000000e+00 -1.045623740241839739e-02
2.734375000000000000e+00 -8.110588515817394178e-03
2.738281250000000000e+00 -5.781514474436383159e-03
2.742187500000000000e+00 -3.464216095972194164e-03
2.746093750000000000e+00 -1.153957858929222612e-03
2.750000000000000000e+00 2.358340077225191630e-04
2.753906250000000000e+00 1.589796712539172613e-04
2.757812500000000000e+00 2.723702964343275744e-04
2.761718750000000000e+00 3.968651939276281225e-04
2.765625000000000000e+00 5.369022629800298055e-04
2.769531250000000000e+00 6.969160118000079177e-04
2.773437500000000000e+00 8.813371911881467437e-04
2.777343750000000000e+00 1.094592887567526988e-03
2.781250000000000000e+00 1.341107186398479353e-03
2.785156250000000000e+00 1.625302522007838341e-03
2.789062500000000000e+00 1.951601836707783210e-03
2.792968750000000000e+00 2.324431679887726913e-03
2.796875000000000000e+00 2.748226387124999906e-03
2.800781250000000000e+00 3.227433490353952359e-03
2.804687500000000000e+00 3.766520523082966896e-03
2.808593750000000000e+00 4.369983399539162199e-03
2.812500000000000000e+00 5.042356564315682299e-03
2.816406250000000000e+00 5.788225129524491100e-03
2.820312500000000000e+00 6.612239240444062888e-03
2.824218750000000000e+00 7.519130938920797619e-03
2.828125000000000000e+00 8.513733826836495863e-03
2.832031250000000000e+00 9.601005871170933265e-03
2.835937500000000000e+00 1.078605573866586731e-02
2.839843750000000000e+00 1.207417310326048751e-02
2.843750000000000000e+00 1.347086343549571026e-02
2.847656250000000000e+00 1.498188786217846853e-02
2.851562500000000000e+00 1.661330877976811490e-02
2.855468750000000000e+00 1.837154201996514871e-02
2.859375000000000000e+00 2.026341650525517735e-02
2.863281250000000000e+00 2.229624250197765473e-02
2.867187500000000000e+00 2.447788978568086679e-02
2.871093750000000000e+00 2.681687728780192750e-02
2.875000000000000000e+00 2.932247610572726731e-02
2.878906250000000000e+00 3.200482814569530210e-02
2.882812500000000000e+00 3.487508314874641913e-02
2.886718750000000000e+00 3.794555745008840186e-02
2.890625000000000000e+00 4.122991857463486481e-02
2.894531250000000000e+00 4.474340071927132567e-02
2.898437500000000000e+00 4.850305737358209107e-02
2.902343750000000000e+00 5.252805886002626795e-02
2.906250000000000000e+00 5.684004453534870910e-02
2.910156250000000000e+00 6.146354192222759638e-02
2.914062500000000000e+00 6.642646832138748847e-02
2.917968750000000000e+00 7.176073474153314702e-02
2.921875000000000000e+00 7.750297762967044146e-02
2.925781250000000000e+00 8.369545137111721045e-02
2.929687500000000000e+00 9.038712453814762293e-02
2.933593750000000000e+00 9.763503635997614061e-02
2.937500000000000000e+00 1.055059882287261441e-01
2.941406250000000000e+00 1.140786702091995397e-01
2.945312500000000000e+00 1.234463573127961428e-01
2.949218750000000000e+00 1.337203588458431291e-01
2.953125000000000000e+00 1.450344724499377791e-01
2.957031250000000000e+00 1.575507912873746474e-01
2.960937500000000000e+00 1.714673509189580114e-01
2.964843750000000000e+00 1.870282999808068336e-01
2.968750000000000000e+00 2.045375608334175088e-01
2.972656250000000000e+00 2.243773444413205420e-01
2.976562500000000000e+00 2.470334284379455680e-01
2.980468750000000000e+00 2.731297981702004996e-01
2.984375000000000000e+00 3.034759570731267453e-01
2.988281250000000000e+00 3.391303732234937085e-01
2.992187500000000000e+00 3.814812597397104765e-01
