0.000000000000000000e+00 0.000000000000000000e+00
3.906250000000000000e-03 7.114383427549873795e-02
7.812500000000000000e-03 1.505949406349755271e-01
1.171875000000000000e-02 2.329365208524109832e-01
1.562500000000000000e-02 3.116253439296037819e-01
1.953125000000000000e-02 3.809772542308900167e-01
2.343750000000000000e-02 4.377196802144531773e-01
2.734375000000000000e-02 4.812342281261398069e-01
3.125000000000000000e-02 5.127552127346601818e-01
3.515625000000000000e-02 5.343362102412990700e-01
3.906250000000000000e-02 5.481118488321490290e-01
4.296875000000000000e-02 5.559389185196680350e-01
4.687500000000000000e-02 5.592950712234315835e-01
5.078125000000000000e-02 5.593024053762761794e-01
5.468750000000000000e-02 5.567931377684900429e-01
5.859375000000000000e-02 5.523784221952667828e-01
6.250000000000000000e-02 5.465063881867250339e-01
6.640625000000000000e-02 5.395068275190980644e-01
7.031250000000000000e-02 5.316241147682025936e-01
7.421875000000000000e-02 5.230409432627112221e-01
7.812500000000000000e-02 5.138952815611421698e-01
8.203125000000000000e-02 5.042924613237625975e-01
8.593750000000000000e-02 4.943138130854680679e-01
8.984375000000000000e-02 4.840228650545640443e-01
9.375000000000000000e-02 4.734698206128477027e-01
9.765625000000000000e-02 4.626948156952587210e-01
1.015625000000000000e-01 4.517303066456910265e-01
1.054687500000000000e-01 4.406028343960990412e-01
1.093750000000000000e-01 4.293343381462477737e-01
1.132812500000000000e-01 4.179431412468008755e-01
1.171875000000000000e-01 4.064446968031715235e-01
1.210937500000000000e-01 3.948521558632106521e-01
1.250000000000000000e-01 3.831768036700378133e-01
1.289062500000000000e-01 3.714283971256499561e-01
1.328125000000000000e-01 3.596154277940267763e-01
1.367187500000000000e-01 3.477453284265760725e-01
1.406250000000000000e-01 3.358246363916705945e-01
1.445312500000000000e-01 3.238591240315055741e-01
1.484375000000000000e-01 3.118539035002383941e-01
1.523437500000000000e-01 2.998135118099375385e-01
1.562500000000000000e-01 2.877419804502137635e-01
1.601562500000000000e-01 2.756428929269524875e-01
1.640625000000000000e-01 2.635194327967076422e-01
1.679687500000000000e-01 2.513744241903395626e-01
1.718750000000000000e-01 2.392103663745685505e-01
1.757812500000000000e-01 2.270294635603585798e-01
1.796875000000000000e-01 2.148336509046097353e-01
1.835937500000000000e-01 2.026246174491002638e-01
1.875000000000000000e-01 1.904038265836366650e-01
1.914062500000000000e-01 1.781725344982195702e-01
1.953125000000000000e-01 1.659318069926965789e-01
1.992187500000000000e-01 1.536825349383049433e-01
2.031250000000000000e-01 1.414254486260654586e-01
2.070312500000000000e-01 1.291611311906700477e-01
2.109375000000000000e-01 1.168900312622262461e-01
2.148437500000000000e-01 1.046124749688991246e-01
2.187500000000000000e-01 9.232867739092158466e-02
2.226562500000000000e-01 8.003875354793968389e-02
2.265625000000000000e-01 6.774272898734373660e-02
2.304687500000000000e-01 5.544055003018761446e-02
2.343750000000000000e-01 4.313209372087258020e-02
2.382812500000000000e-01 3.081717752119728787e-02
2.421875000000000000e-01 1.849556878195609752e-02
2.460937500000000000e-01 6.166994021352650845e-03
2.500000000000000000e-01 -1.498207214090725497e-03
2.539062500000000000e-01 -1.704830425816661506e-03
2.578125000000000000e-01 -2.880390287704067635e-03
2.617187500000000000e-01 -4.113634003156888506e-03
2.656250000000000000e-01 -5.426877107809818454e-03
2.695312500000000000e-01 -6.841931689700672323e-03
2.734375000000000000e-01 -8.379959748971500463e-03
2.773437500000000000e-01 -1.006133073159305204e-02
2.812500000000000000e-01 -1.190548411423777465e-02
2.851562500000000000e-01 -1.393079787055436294e-02
2.890625000000000000e-01 -1.615446359577852112e-02
2.929687500000000000e-01 -1.859236900363699443e-02
2.968750000000000000e-01 -2.125898843710153849e-02
3.007812500000000000e-01 -2.416728195510075769e-02
3.046875000000000000e-01 -2.732860346660653111e-02
3.085937500000000000e-01 -3.075261828587379925e-02
3.125000000000000000e-01 -3.444723037443857272e-02
3.164062500000000000e-01 -3.841851941968696393e-02
3.203125000000000000e-01 -4.267068777387369310e-02
3.242187500000000000e-01 -4.720601714248971736e-02
3.281250000000000000e-01 -5.202483476775751625e-02
3.320312500000000000e-01 -5.712548869860587658e-02
3.359375000000000000e-01 -6.250433157578687282e-02
3.398437500000000000e-01 -6.815571218662314079e-02
3.437500000000000000e-01 -7.407197385865883776e-02
3.476562500000000000e-01 -8.024345856344168582e-02
3.515625000000000000e-01 -8.665851538922414443e-02
3.554687500000000000e-01 -9.330351181164056595e-02
3.593750000000000000e-01 -1.001628459401278926e-01
3.632812500000000000e-01 -1.072189576422284268e-01
3.671875000000000000e-01 -1.144523361381405979e-01
3.710937500000000000e-01 -1.218415213078159476e-01
3.750000000000000000e-01 -1.293630955485945977e-01
3.789062500000000000e-01 -1.369916625489376316e-01
3.828125000000000000e-01 -1.446998087796353138e-01
3.867187500000000000e-01 -1.524580428232216178e-01
3.906250000000000000e-01 -1.602347068253296980e-01
3.945312500000000000e-01 -1.679958533108721896e-01
3.984375000000000000e-01 -1.757050792966943220e-01
4.023437500000000000e-01 -1.833233079612368588e-01
4.062500000000000000e-01 -1.908085059820921747e-01
4.101562500000000000e-01 -1.981153218586436393e-01
4.140625000000000000e-01 -2.051946268759488323e-01
4.179687500000000000e-01 -2.119929355248715008e-01
4.218750000000000000e-01 -2.184516757389259878e-01
4.257812500000000000e-01 -2.245062706245124773e-01
4.296875000000000000e-01 -2.300849815757353145e-01
4.335937500000000000e-01 -2.351074465179191220e-01
4.375000000000000000e-01 -2.394828246814920958e-01
4.414062500000000000e-01 -2.431074280715434521e-01
4.453125000000000000e-01 -2.458616756433925354e-01
4.492187500000000000e-01 -2.476061430540729413e-01
4.531250000000000000e-01 -2.481763894701199125e-01
4.570312500000000000e-01 -2.473761089635481414e-01
4.609375000000000000e-01 -2.449679551694617097e-01
4.648437500000000000e-01 -2.406610888590362818e-01
4.687500000000000000e-01 -2.340940429541205070e-01
4.726562500000000000e-01 -2.248107994315807212e-01
4.765625000000000000e-01 -2.122268880257014434e-01
4.804687500000000000e-01 -1.955806362879507487e-01
4.843750000000000000e-01 -1.738621341617437865e-01
4.882812500000000000e-01 -1.457087370703946672e-01
4.921875000000000000e-01 -1.092511887494432982e-01
4.960937500000000000e-01 -6.189112834917688544e-02
5.000000000000000000e-01 -3.527313244350123200e-16
5.039062500000000000e-01 8.140759458567717322e-02
5.078125000000000000e-01 1.887236417606513728e-01
5.117187500000000000e-01 3.284464205816935989e-01
5.156250000000000000e-01 5.018726938090037892e-01
5.195312500000000000e-01 6.933607242171141438e-01
5.234375000000000000e-01 8.624544531482729592e-01
5.273437500000000000e-01 9.668211990652990639e-01
5.312500000000000000e-01 1.000000000000000000e+00
5.351562500000000000e-01 9.864930966572301729e-01
5.390625000000000000e-01 9.519942582877037873e-01
5.429687500000000000e-01 9.114072393429966112e-01
5.468750000000000000e-01 8.712543411084724410e-01
5.507812500000000000e-01 8.338231641010348527e-01
5.546875000000000000e-01 7.996090551887660158e-01
5.585937500000000000e-01 7.684355723414579842e-01
5.625000000000000000e-01 7.399198045029006243e-01
5.664062500000000000e-01 7.136532672588479231e-01
5.703125000000000000e-01 6.892654676400998826e-01
5.742187500000000000e-01 6.664406861427160100e-01
5.781250000000000000e-01 6.449170999813504945e-01
5.820312500000000000e-01 6.244800916415971237e-01
5.859375000000000000e-01 6.049544193970015638e-01
5.898437500000000000e-01 5.861969636949039275e-01
5.937500000000000000e-01 5.680905562178902857e-01
5.976562500000000000e-01 5.505389272129062039e-01
6.015625000000000000e-01 5.334626423463332268e-01
6.054687500000000000e-01 5.167958609025266048e-01
6.093750000000000000e-01 5.004837553148691054e-01
6.132812500000000000e-01 4.844804554031991173e-01
6.171875000000000000e-01 4.687474062404610731e-01
6.210937500000000000e-01 4.532520515182675291e-01
6.250000000000000000e-01 4.379667733278226338e-01
6.289062500000000000e-01 4.228680344925950241e-01
6.328125000000000000e-01 4.079356815090501298e-01
6.367187500000000000e-01 3.931523753989608072e-01
6.406250000000000000e-01 3.785031249154692246e-01
6.445312500000000000e-01 3.639749020536853785e-01
6.484375000000000000e-01 3.495563240690766627e-01
6.523437500000000000e-01 3.352373895017652927e-01
6.562500000000000000e-01 3.210092582623826352e-01
6.601562500000000000e-01 3.068640678316772452e-01
6.640625000000000000e-01 2.927947791896551855e-01
6.679687500000000000e-01 2.787950473202678303e-01
6.718750000000000000e-01 2.648591121112693902e-01
6.757812500000000000e-01 2.509817062409519517e-01
6.796875000000000000e-01 2.371579772616080051e-01
6.835937500000000000e-01 2.233834215831162207e-01
6.875000000000000000e-01 2.096538284592481816e-01
6.914062500000000000e-01 1.959652324013534397e-01
6.953125000000000000e-01 1.823138727060281683e-01
6.992187500000000000e-01 1.686961589965431940e-01
7.031250000000000000e-01 1.551086418534601552e-01
7.070312500000000000e-01 1.415479877516753193e-01
7.109375000000000000e-01 1.280109576413587802e-01
7.148437500000000000e-01 1.144943886054807652e-01
7.187500000000000000e-01 1.009951781085338257e-01
7.226562500000000000e-01 8.751027041665276895e-02
7.265625000000000000e-01 7.403664482406327463e-02
7.304687500000000000e-01 6.057130536591809333e-02
7.343750000000000000e-01 4.711127173341154994e-02
7.382812500000000000e-01 3.365357113731318878e-02
7.421875000000000000e-01 2.019523088813296799e-02
7.460937500000000000e-01 6.733271479611321018e-03
7.500000000000000000e-01 -1.374081833957304559e-03
7.539062500000000000e-01 -9.189595219105340046e-04
7.578125000000000000e-01 -1.573356650355805597e-03
7.617187500000000000e-01 -2.289829175169258609e-03
7.656250000000000000e-01 -3.092550957690658013e-03
7.695312500000000000e-01 -4.005166724607094053e-03
7.734375000000000000e-01 -5.050637736272617709e-03
7.773437500000000000e-01 -6.251091697789472323e-03
7.812500000000000000e-01 -7.627677810182599202e-03
7.851562500000000000e-01 -9.200427815371487947e-03
7.890625000000000000e-01 -1.098812383769341185e-02
7.929687500000000000e-01 -1.300817376431250352e-02
7.968750000000000000e-01 -1.527649483819629173e-02
8.007812500000000000e-01 -1.780740606013973132e-02
8.046875000000000000e-01 -2.061352990910190683e-02
8.085937500000000000e-01 -2.370570379531645316e-02
8.125000000000000000e-01 -2.709290155473801157e-02
8.164062500000000000e-01 -3.078216518006391886e-02
8.203125000000000000e-01 -3.477854685887959985e-02
8.242187500000000000e-01 -3.908506125614587268e-02
8.281250000000000000e-01 -4.370264783482814136e-02
8.320312500000000000e-01 -4.863014285368569972e-02
8.359375000000000000e-01 -5.386426051769268447e-02
8.398437500000000000e-01 -5.939958257867379576e-02
8.437500000000000000e-01 -6.522855549675492248e-02
8.476562500000000000e-01 -7.134149406889118972e-02
8.515625000000000000e-01 -7.772659021401316648e-02
8.554687500000000000e-01 -8.436992536673289245e-02
8.593750000000000000e-01 -9.125548467324874624e-02
8.632812500000000000e-01 -9.836517089784209411e-02
8.671875000000000000e-01 -1.056788156290502934e-01
8.710937500000000000e-01 -1.131741850135587618e-01
8.750000000000000000e-01 -1.208269768302659419e-01
8.789062500000000000e-01 -1.286108052313951478e-01
8.828125000000000000e-01 -1.364971689014997935e-01
8.867187500000000000e-01 -1.444553976899615455e-01
8.906250000000000000e-01 -1.524525719218799980e-01
8.945312500000000000e-01 -1.604534075366911283e-01
8.984375000000000000e-01 -1.684200988762051265e-01
9.023437500000000000e-01 -1.763121092567244974e-01
9.062500000000000000e-01 -1.840858972899580559e-01
9.101562500000000000e-01 -1.916945641036989223e-01
9.140625000000000000e-01 -1.990874029248488331e-01
9.179687500000000000e-01 -2.062093276152971444e-01
9.218750000000000000e-01 -2.130001502539900227e-01
9.257812500000000000e-01 -2.193936691201847367e-01
9.296875000000000000e-01 -2.253165165715828866e-01
9.335937500000000000e-01 -2.306867000591093508e-01
9.375000000000000000e-01 -2.354117470301300974e-01
9.414062500000000000e-01 -2.393863330258441113e-01
9.453125000000000000e-01 -2.424892278241250199e-01
9.492187500000000000e-01 -2.445793309085939060e-01
9.531250000000000000e-01 -2.454904755392666449e-01
9.570312500000000000e-01 -2.450245458720580749e-01
9.609375000000000000e-01 -2.429422514762797358e-01
9.648437500000000000e-01 -2.389506028822785400e-01
9.687500000000000000e-01 -2.326856744776863994e-01
9.726562500000000000e-01 -2.236885385741951560e-01
9.765625000000000000e-01 -2.113711684508274569e-01
9.804687500000000000e-01 -1.949674311578510899e-01
9.843750000000000000e-01 -1.734617440458709747e-01
9.882812500000000000e-01 -1.454842983181709737e-01
9.921875000000000000e-01 -1.091572190681173449e-01
9.960937500000000000e-01 -6.187331640711315334e-02
1.000000000000000000e+00 -7.055528900180039446e-16
1.003906250000000000e+00 8.143175533677889100e-02
1.007812500000000000e+00 1.887349537690485302e-01
1.011718750000000000e+00 3.281740290995487364e-01
1.015625000000000000e+00 5.005517776383038298e-01
1.019531250000000000e+00 6.896970067992732600e-01
1.023437500000000000e+00 8.556024165705303774e-01
1.027343750000000000e+00 9.577007490418854019e-01
1.031250000000000000e+00 9.905505084454943043e-01
1.035156250000000000e+00 9.780136527316122264e-01
1.039062500000000000e+00 9.448546721835917594e-01
1.042968750000000000e+00 9.055095417091508780e-01
1.046875000000000000e+00 8.663747761506933598e-01
1.050781250000000000e+00 8.297458497468819250e-01
1.054687500000000000e+00 7.961593444135542930e-01
1.058593750000000000e+00 7.654799054139881376e-01
1.062500000000000000e+00 7.373575891296818563e-01
1.066406250000000000e+00 7.114086245267536857e-01
1.070312500000000000e+00 6.872806566589029220e-01
1.074218750000000000e+00 6.646712497344391402e-01
1.078125000000000000e+00 6.433283714730628766e-01
1.082031250000000000e+00 6.230446939680880369e-01
1.085937500000000000e+00 6.036504670595005395e-01
1.089843750000000000e+00 5.850067588196636859e-01
1.093750000000000000e+00 5.669996327961328575e-01
1.097656250000000000e+00 5.495353424884105165e-01
1.101562500000000000e+00 5.325364453382170904e-01
1.105468750000000000e+00 5.159386892541079073e-01
1.109375000000000000e+00 4.996885261443835269e-01
1.113281250000000000e+00 4.837411257758858496e-01
1.117187500000000000e+00 4.680587857615811087e-01
1.121093750000000000e+00 4.526096543506406000e-01
1.125000000000000000e+00 4.373667003261030306e-01
1.128906250000000000e+00 4.223068785602558939e-01
1.132812500000000000e+00 4.074104510225201037e-01
1.136718750000000000e+00 3.926604318063104948e-01
1.140625000000000000e+00 3.780421315448203035e-01
1.144531250000000000e+00 3.635427818534426314e-01
1.148437500000000000e+00 3.491512245162637917e-01
1.152343750000000000e+00 3.348576533018299828e-01
1.156250000000000000e+00 3.206533987583471967e-01
1.160156250000000000e+00 3.065307482664916816e-01
1.164062500000000000e+00 2.924827951394972092e-01
1.167968750000000000e+00 2.785033117522248136e-01
1.171875000000000000e+00 2.645866426243679292e-01
1.175781250000000000e+00 2.507276141339293551e-01
1.179687500000000000e+00 2.369214581359557481e-01
1.183593750000000000e+00 2.231637472435203107e-01
1.187500000000000000e+00 2.094503399156502910e-01
1.191406250000000000e+00 1.957773338109187744e-01
1.195312500000000000e+00 1.821410261213903259e-01
1.199218750000000000e+00 1.685378798087575347e-01
1.203125000000000000e+00 1.549644948371667330e-01
1.207031250000000000e+00 1.414175836350760884e-01
1.210937500000000000e+00 1.278939501360942255e-01
1.214843750000000000e+00 1.143904718422298766e-01
1.218750000000000000e+00 1.009040844332957376e-01
1.222656250000000000e+00 8.743176850954514912e-02
1.226562500000000000e+00 7.397053810943361729e-02
1.230468750000000000e+00 6.051743068781790386e-02
1.234375000000000000e+00 4.706949827522483726e-02
1.238281250000000000e+00 3.362379956875750919e-02
1.242187500000000000e+00 2.017739272623796098e-02
1.246093750000000000e+00 6.727328653996803194e-03
1.250000000000000000e+00 -1.375301405441417199e-03
1.253906250000000000e+00 -9.269081733096237556e-04
1.257812500000000000e+00 -1.586576986406818121e-03
1.261718750000000000e+00 -2.308277388065054989e-03
1.265625000000000000e+00 -3.116164676029840441e-03
1.269531250000000000e+00 -4.033865261511040447e-03
1.273437500000000000e+00 -5.084322411929996684e-03
1.277343750000000000e+00 -6.289646236049261166e-03
1.281250000000000000e+00 -7.670968808528202086e-03
1.285156250000000000e+00 -9.248305287256697663e-03
1.289062500000000000e+00 -1.104042182620535405e-02
1.292968750000000000e+00 -1.306471102568728011e-02
1.296875000000000000e+00 -1.533707559361888531e-02
1.300781250000000000e+00 -1.787182081365100428e-02
1.304687500000000000e+00 -2.068155632949858491e-02
1.308593750000000000e+00 -2.377710765895812983e-02
1.312500000000000000e+00 -2.716743774640554762e-02
1.316406250000000000e+00 -3.085957874808397880e-02
1.320312500000000000e+00 -3.485857412037976499e-02
1.324218750000000000e+00 -3.916743094801640457e-02
1.328125000000000000e+00 -4.378708230519468697e-02
1.332031250000000000e+00 -4.871635928846124869e-02
1.335937500000000000e+00 -5.395197219590572302e-02
1.339843750000000000e+00 -5.948850015056060536e-02
1.343750000000000000e+00 -6.531838827698570327e-02
1.347656250000000000e+00 -7.143195133826418797e-02
1.351562500000000000e+00 -7.781738252144262957e-02
1.355468750000000000e+00 -8.446076582375913744e-02
1.359375000000000000e+00 -9.134609023294323893e-02
1.363281250000000000e+00 -9.845526360958879730e-02
1.367187500000000000e+00 -1.057681238611508506e-01
1.371093750000000000e+00 -1.132624446351948866e-01
1.375000000000000000e+00 -1.209139323448807646e-01
1.378906250000000000e+00 -1.286962108537709759e-01
1.382812500000000000e+00 -1.365807895712873588e-01
1.386718750000000000e+00 -1.445370100148982151e-01
1.390625000000000000e+00 -1.525319650449413478e-01
1.394531250000000000e+00 -1.605303839220636464e-01
1.398437500000000000e+00 -1.684944750101763922e-01
1.402343750000000000e+00 -1.763837162608389575e-01
1.406250000000000000e+00 -1.841545814451177043e-01
1.410156250000000000e+00 -1.917601872859269752e-01
1.414062500000000000e+00 -1.991498429548505811e-01
1.417968750000000000e+00 -2.062684785267667187e-01
1.421875000000000000e+00 -2.130559224882940250e-01
1.425781250000000000e+00 -2.194459896578931923e-01
1.429687500000000000e+00 -2.253653290164585044e-01
1.433593750000000000e+00 -2.307319646941612679e-01
1.437500000000000000e+00 -2.354534408734910711e-01
1.441406250000000000e+00 -2.394244499219898015e-01
1.445312500000000000e+00 -2.425237786190732048e-01
1.449218750000000000e+00 -2.446103437735937247e-01
1.453125000000000000e+00 -2.455179965313929458e-01
1.457031250000000000e+00 -2.450486398512461417e-01
1.460937500000000000e+00 -2.429630035446145309e-01
1.464843750000000000e+00 -2.389681205732613334e-01
1.468750000000000000e+00 -2.327000910084389418e-01
1.472656250000000000e+00 -2.237000175838580462e-01
1.476562500000000000e+00 -2.113799107708891900e-01
1.480468750000000000e+00 -1.949736842461742281e-01
1.484375000000000000e+00 -1.734658145867908063e-01
1.488281250000000000e+00 -1.454865676293440879e-01
1.492187500000000000e+00 -1.091581578640637845e-01
1.496093750000000000e+00 -6.187348600033362733e-02
1.500000000000000000e+00 -1.058327782174928749e-15
1.503906250000000000e+00 8.143150471923032985e-02
1.507812500000000000e+00 1.887348727729410147e-01
1.511718750000000000e+00 3.281769963792973144e-01
1.515625000000000000e+00 5.005657967323396962e-01
1.519531250000000000e+00 6.897354224089126129e-01
1.523437500000000000e+00 8.556736855101398920e-01
1.527343750000000000e+00 9.577951774349803271e-01
1.531250000000000000e+00 9.906481974991825368e-01
1.535156250000000000e+00 9.781013437250472009e-01
1.539062500000000000e+00 9.449285833134426493e-01
1.542968750000000000e+00 9.055706652323012307e-01
1.546875000000000000e+00 8.664253986309581324e-01
1.550781250000000000e+00 8.297881848768406954e-01
1.554687500000000000e+00 7.961951876401223149e-01
1.558593750000000000e+00 7.655106325668090683e-01
1.562500000000000000e+00 7.373842381181011651e-01
1.566406250000000000e+00 7.114319793043343276e-01
1.570312500000000000e+00 6.873013144340586189e-01
1.574218750000000000e+00 6.646896707414507999e-01
1.578125000000000000e+00 6.433449148665407735e-01
1.582031250000000000e+00 6.230596435656921006e-01
1.585937500000000000e+00 6.036640498747832817e-01
1.589843750000000000e+00 5.850191585179523868e-01
1.593750000000000000e+00 5.670109995667660385e-01
1.597656250000000000e+00 5.495458003698364680e-01
1.601562500000000000e+00 5.325460977163430920e-01
1.605468750000000000e+00 5.159476230352665338e-01
1.609375000000000000e+00 4.996968149573330908e-01
1.613281250000000000e+00 4.837488324535332285e-01
1.617187500000000000e+00 4.680659642840375723e-01
1.621093750000000000e+00 4.526163513795561921e-01
1.625000000000000000e+00 4.373729564275151693e-01
1.628906250000000000e+00 4.223127291868426503e-01
1.632812500000000000e+00 4.074159273081758847e-01
1.636718750000000000e+00 3.926655612143876706e-01
1.640625000000000000e+00 3.780469383994366495e-01
1.644531250000000000e+00 3.635472877787394030e-01
1.648437500000000000e+00 3.491554488007990176e-01
1.652343750000000000e+00 3.348616132031687620e-01
1.656250000000000000e+00 3.206571097585206864e-01
1.660156250000000000e+00 3.065342242877465151e-01
1.664062500000000000e+00 2.924860487267146869e-01
1.667968750000000000e+00 2.785063542284058613e-01
1.671875000000000000e+00 2.645894842233620370e-01
1.675781250000000000e+00 2.507302641140127797e-01
1.679687500000000000e+00 2.369239248776930096e-01
1.683593750000000000e+00 2.231660383338673614e-01
1.687500000000000000e+00 2.094524622209332221e-01
1.691406250000000000e+00 1.957792935397454082e-01
1.695312500000000000e+00 1.821428288793525696e-01
1.699218750000000000e+00 1.685395306457851128e-01
1.703125000000000000e+00 1.549659982887906795e-01
1.707031250000000000e+00 1.414189437580318787e-01
1.710937500000000000e+00 1.278951705392356308e-01
1.714843750000000000e+00 1.143915557133438204e-01
1.718750000000000000e+00 1.009050345618519029e-01
1.722656250000000000e+00 8.743258730645572796e-02
1.726562500000000000e+00 7.397122762348036507e-02
1.730468750000000000e+00 6.051799261949519781e-02
1.734375000000000000e+00 4.706993398799044076e-02
1.738281250000000000e+00 3.362411009788100064e-02
1.742187500000000000e+00 2.017757878547444400e-02
1.746093750000000000e+00 6.727390640102794313e-03
1.750000000000000000e+00 -1.375288676037594296e-03
1.753906250000000000e+00 -9.268252340830677527e-04
1.757812500000000000e+00 -1.586439040472974833e-03
1.761718750000000000e+00 -2.308084892604526494e-03
1.765625000000000000e+00 -3.115918281937334229e-03
1.769531250000000000e+00 -4.033565810812589185e-03
1.773437500000000000e+00 -5.083970934399867532e-03
1.777343750000000000e+00 -6.289243945127745081e-03
1.781250000000000000e+00 -7.670517096374945311e-03
1.785156250000000000e+00 -9.247805719047725442e-03
1.789062500000000000e+00 -1.103987613379331725e-02
1.792968750000000000e+00 -1.306412110045896552e-02
1.796875000000000000e+00 -1.533644347861154618e-02
1.800781250000000000e+00 -1.787114869505565182e-02
1.804687500000000000e+00 -2.068084652739859280e-02
1.808593750000000000e+00 -2.377636261754561414e-02
1.812500000000000000e+00 -2.716666002353151574e-02
1.816406250000000000e+00 -3.085877100417859509e-02
1.820312500000000000e+00 -3.485773910698822947e-02
1.824218750000000000e+00 -3.916657149579901714e-02
1.828125000000000000e+00 -4.378620131138738492e-02
1.832031250000000000e+00 -4.871545970418647564e-02
1.835937500000000000e+00 -5.395105701300488554e-02
1.839843750000000000e+00 -5.948757238828015353e-02
1.843750000000000000e+00 -6.531745096849446430e-02
1.847656250000000000e+00 -7.143100751702613493e-02
1.851562500000000000e+00 -7.781643520767533850e-02
1.855468750000000000e+00 -8.445981801090308994e-02
1.859375000000000000e+00 -9.134514487430228646e-02
1.863281250000000000e+00 -9.845432360527217597e-02
1.867187500000000000e+00 -1.057671920453007730e-01
1.871093750000000000e+00 -1.132615237636386690e-01
1.875000000000000000e+00 -1.209130250833234388e-01
1.878906250000000000e+00 -1.286953197665644533e-01
1.882812500000000000e+00 -1.365799171108301180e-01
1.886718750000000000e+00 -1.445361585118266623e-01
1.890625000000000000e+00 -1.525311366990589335e-01
1.894531250000000000e+00 -1.605295807941642672e-01
1.898437500000000000e+00 -1.684936990147173075e-01
1.902343750000000000e+00 -1.763829691595441007e-01
1.906250000000000000e+00 -1.841538648415468327e-01
1.910156250000000000e+00 -1.917595026208902265e-01
1.914062500000000000e+00 -1.991491915027784609e-01
1.917968750000000000e+00 -2.062678613929321281e-01
1.921875000000000000e+00 -2.130553406067733080e-01
1.925781250000000000e+00 -2.194454437901818544e-01
1.929687500000000000e+00 -2.253648197506197826e-01
1.933593750000000000e+00 -2.307314924442498416e-01
1.937500000000000000e+00 -2.354530058789651437e-01
1.941406250000000000e+00 -2.394240522467505350e-01
1.945312500000000000e+00 -2.425234181496611352e-01
1.949218750000000000e+00 -2.446100202158174586e-01
1.953125000000000000e+00 -2.455177094044726505e-01
1.957031250000000000e+00 -2.450483884782614363e-01
1.960937500000000000e+00 -2.429627870374916898e-01
1.964843750000000000e+00 -2.389679378099428264e-01
1.968750000000000000e+00 -2.326999405989645664e-01
1.972656250000000000e+00 -2.236998978209359390e-01
1.976562500000000000e+00 -2.113798195592866136e-01
1.980468750000000000e+00 -1.949736190042989648e-01
1.984375000000000000e+00 -1.734657721152623733e-01
1.988281250000000000e+00 -1.454865439502644187e-01
1.992187500000000000e+00 -1.091581480669705784e-01
1.996093750000000000e+00 -6.187348422956518573e-02
2.000000000000000000e+00 -1.411103731144103620e-15
2.003906250000000000e+00 8.143150733363310745e-02
2.007812500000000000e+00 1.887348736219122136e-01
2.011718750000000000e+00 3.281769654410984227e-01
2.015625000000000000e+00 5.005656505239912679e-01
2.019531250000000000e+00 6.897350217525711757e-01
2.023437500000000000e+00 8.556729420687342325e-01
2.027343750000000000e+00 9.577941923594397444e-01
2.031250000000000000e+00 9.906471783929401420e-01
2.035156250000000000e+00 9.781004289233414806e-01
2.039062500000000000e+00 9.449278122729927176e-01
2.042968750000000000e+00 9.055700275995156590e-01
2.046875000000000000e+00 8.664248705492093583e-01
2.050781250000000000e+00 8.297877432506188811e-01
2.054687500000000000e+00 7.961948137379675217e-01
2.058593750000000000e+00 7.655103120353439206e-01
2.062500000000000000e+00 7.373839601294769341e-01
2.066406250000000000e+00 7.114317356801899139e-01
2.070312500000000000e+00 6.873010989442542851e-01
2.074218750000000000e+00 6.646894785848270759e-01
2.078125000000000000e+00 6.433447422964292395e-01
2.082031250000000000e+00 6.230594876213464417e-01
2.085937500000000000e+00 6.036639081880466051e-01
2.089843750000000000e+00 5.850190291728878389e-01
2.093750000000000000e+00 5.670108809966402097e-01
2.097656250000000000e+00 5.495456912807129557e-01
2.101562500000000000e+00 5.325459970297639067e-01
2.105468750000000000e+00 5.159475298446447589e-01
2.109375000000000000e+00 4.996967284946143284e-01
2.113281250000000000e+00 4.837487520632755000e-01
2.117187500000000000e+00 4.680658894031328177e-01
2.121093750000000000e+00 4.526162815212699808e-01
2.125000000000000000e+00 4.373728911686893817e-01
2.128906250000000000e+00 4.223126681576249153e-01
2.132812500000000000e+00 4.074158701838375141e-01
2.136718750000000000e+00 3.926655077084161283e-01
2.140625000000000000e+00 3.780468882581153323e-01
2.144531250000000000e+00 3.635472407764897551e-01
2.148437500000000000e+00 3.491554047364078261e-01
2.152343750000000000e+00 3.348615718966286292e-01
2.156250000000000000e+00 3.206570710483276909e-01
2.160156250000000000e+00 3.065341880286722165e-01
2.164062500000000000e+00 2.924860147879059236e-01
2.167968750000000000e+00 2.785063224917292413e-01
2.171875000000000000e+00 2.645894545821083632e-01
2.175781250000000000e+00 2.507302364715517928e-01
2.179687500000000000e+00 2.369238991466326993e-01
2.183593750000000000e+00 2.231660144350762209e-01
2.187500000000000000e+00 2.094524400827653676e-01
2.191406250000000000e+00 1.957792730974614870e-01
2.195312500000000000e+00 1.821428100744428569e-01
2.199218750000000000e+00 1.685395134255980309e-01
2.203125000000000000e+00 1.549659826060127421e-01
2.207031250000000000e+00 1.414189295703325300e-01
2.210937500000000000e+00 1.278951578089871643e-01
2.214843750000000000e+00 1.143915444072861748e-01
2.218750000000000000e+00 1.009050246508981508e-01
2.222656250000000000e+00 8.743257876543782114e-02
2.226562500000000000e+00 7.397122043103072919e-02
2.230468750000000000e+00 6.051798675788122583e-02
2.234375000000000000e+00 4.706992944299523418e-02
2.238281250000000000e+00 3.362410685870085431e-02
2.242187500000000000e+00 2.017757684464721590e-02
2.246093750000000000e+00 6.727389993515128959e-03
2.250000000000000000e+00 -1.375288808814897987e-03
2.253906250000000000e+00 -9.268260992309515327e-04
2.257812500000000000e+00 -1.586440479420061318e-03
2.261718750000000000e+00 -2.308086900534274313e-03
2.265625000000000000e+00 -3.115920852111666271e-03
2.269531250000000000e+00 -4.033568934414301539e-03
2.273437500000000000e+00 -5.083974600720593713e-03
2.277343750000000000e+00 -6.289248141492405353e-03
2.281250000000000000e+00 -7.670521808241822018e-03
2.285156250000000000e+00 -9.247810930114097258e-03
2.289062500000000000e+00 -1.103988182598521564e-02
2.292968750000000000e+00 -1.306412725406020346e-02
2.296875000000000000e+00 -1.533645007228842672e-02
2.300781250000000000e+00 -1.787115570601834763e-02
2.304687500000000000e+00 -2.068085393143690581e-02
2.308593750000000000e+00 -2.377637038918829077e-02
2.312500000000000000e+00 -2.716666813606085154e-02
2.316406250000000000e+00 -3.085877942987115541e-02
2.320312500000000000e+00 -3.485774781713753268e-02
2.324218750000000000e+00 -3.916658046085779582e-02
2.328125000000000000e+00 -4.378621050116148633e-02
2.332031250000000000e+00 -4.871546908786884150e-02
2.335937500000000000e+00 -5.395106655941184909e-02
2.339843750000000000e+00 -5.948758206589972036e-02
2.343750000000000000e+00 -6.531746074569211302e-02
2.347656250000000000e+00 -7.143101736217113973e-02
2.351562500000000000e+00 -7.781644508923987735e-02
2.355468750000000000e+00 -8.445982789767070287e-02
2.359375000000000000e+00 -9.134515473548039666e-02
2.363281250000000000e+00 -9.845433341059560417e-02
2.367187500000000000e+00 -1.057672017652109553e-01
2.371093750000000000e+00 -1.132615333693806209e-01
2.375000000000000000e+00 -1.209130345471059048e-01
2.378906250000000000e+00 -1.286953290616256740e-01
2.382812500000000000e+00 -1.365799262115887369e-01
2.386718750000000000e+00 -1.445361673939786762e-01
2.390625000000000000e+00 -1.525311453396561712e-01
2.394531250000000000e+00 -1.605295891717116175e-01
2.398437500000000000e+00 -1.684937071092375560e-01
2.402343750000000000e+00 -1.763829769526738256e-01
2.406250000000000000e+00 -1.841538723165435099e-01
2.410156250000000000e+00 -1.917595097627316225e-01
2.414062500000000000e+00 -1.991491982981722642e-01
2.417968750000000000e+00 -2.062678678303497271e-01
2.421875000000000000e+00 -2.130553466764671666e-01
2.425781250000000000e+00 -2.194454494842077164e-01
2.429687500000000000e+00 -2.253648250628501049e-01
2.433593750000000000e+00 -2.307314973703628869e-01
2.437500000000000000e+00 -2.354530104164581639e-01
2.441406250000000000e+00 -2.394240563949611433e-01
2.445312500000000000e+00 -2.425234219097714139e-01
2.449218750000000000e+00 -2.446100235908987286e-01
2.453125000000000000e+00 -2.455177123995375132e-01
2.457031250000000000e+00 -2.450483911003712989e-01
2.460937500000000000e+00 -2.429627892959087265e-01
2.464843750000000000e+00 -2.389679397163769203e-01
2.468750000000000000e+00 -2.326999421679071534e-01
2.472656250000000000e+00 -2.236998990702009638e-01
2.476562500000000000e+00 -2.113798205107295658e-01
2.480468750000000000e+00 -1.949736196848458336e-01
2.484375000000000000e+00 -1.734657725582890719e-01
2.488281250000000000e+00 -1.454865441972642004e-01
2.492187500000000000e+00 -1.091581481691653033e-01
2.496093750000000000e+00 -6.187348424803650049e-02
2.500000000000000000e+00 -1.763879663648771436e-15
2.503906250000000000e+00 8.143150730636110335e-02
2.507812500000000000e+00 1.887348736130563531e-01
2.511718750000000000e+00 3.281769657638178850e-01
2.515625000000000000e+00 5.005656520491181816e-01
2.519531250000000000e+00 6.897350258832346537e-01
2.523437500000000000e+00 8.556729498315617244e-01
2.527343750000000000e+00 9.577942026452900270e-01
2.531250000000000000e+00 9.906471890341352893e-01
2.535156250000000000e+00 9.781004384754210523e-01
2.539062500000000000e+00 9.449278203239596108e-01
2.542968750000000000e+00 9.055700342574272144e-01
2.546875000000000000e+00 8.664248760633985746e-01
2.550781250000000000e+00 8.297877478618843616e-01
2.554687500000000000e+00 7.961948176421396184e-01
2.558593750000000000e+00 7.655103153821866124e-01
2.562500000000000000e+00 7.373839630322583938e-01
2.566406250000000000e+00 7.114317382239891963e-01
2.570312500000000000e+00 6.873011011943322979e-01
2.574218750000000000e+00 6.646894805912221260e-01
2.578125000000000000e+00 6.433447440984429999e-01
2.582031250000000000e+00 6.230594892496210679e-01
2.585937500000000000e+00 6.036639096674569771e-01
2.589843750000000000e+00 5.850190305235520860e-01
2.593750000000000000e+00 5.670108822346698885e-01
2.597656250000000000e+00 5.495456924197912318e-01
2.601562500000000000e+00 5.325459980810666183e-01
2.605468750000000000e+00 5.159475308177867703e-01
2.609375000000000000e+00 4.996967293973933466e-01
2.613281250000000000e+00 4.837487529026848754e-01
2.617187500000000000e+00 4.680658901849862885e-01
2.621093750000000000e+00 4.526162822507476258e-01
2.625000000000000000e+00 4.373728918501001983e-01
2.628906250000000000e+00 4.223126687948542402e-01
2.632812500000000000e+00 4.074158707803701152e-01
2.636718750000000000e+00 3.926655082670827412e-01
2.640625000000000000e+00 3.780468887816736401e-01
2.644531250000000000e+00 3.635472412672419162e-01
2.648437500000000000e+00 3.491554051965701788e-01
2.652343750000000000e+00 3.348615723279109169e-01
2.656250000000000000e+00 3.206570714525290855e-01
2.660156250000000000e+00 3.065341884072541045e-01
2.664062500000000000e+00 2.924860151423132049e-01
2.667968750000000000e+00 2.785063228231152710e-01
2.671875000000000000e+00 2.645894548915889155e-01
2.675781250000000000e+00 2.507302367602404214e-01
2.679687500000000000e+00 2.369238994152805533e-01
2.683593750000000000e+00 2.231660146846108916e-01
2.687500000000000000e+00 2.094524403139153002e-01
2.691406250000000000e+00 1.957792733109387229e-01
2.695312500000000000e+00 1.821428102707758345e-01
2.699218750000000000e+00 1.685395136054189946e-01
2.703125000000000000e+00 1.549659827697533743e-01
2.707031250000000000e+00 1.414189297184962335e-01
2.710937500000000000e+00 1.278951579419056739e-01
2.714843750000000000e+00 1.143915445253321783e-01
2.718750000000000000e+00 1.009050247544056866e-01
2.722656250000000000e+00 8.743257885460964385e-02
2.726562500000000000e+00 7.397122050613508248e-02
2.730468750000000000e+00 6.051798681909392741e-02
2.734375000000000000e+00 4.706992949045307045e-02
2.738281250000000000e+00 3.362410689252257751e-02
2.742187500000000000e+00 2.017757686490977143e-02
2.746093750000000000e+00 6.727390000275424407e-03
2.750000000000000000e+00 -1.375288807432981054e-03
2.753906250000000000e+00 -9.268260901945775615e-04
2.757812500000000000e+00 -1.586440464384360335e-03
2.761718750000000000e+00 -2.308086879579273124e-03
2.765625000000000000e+00 -3.115920825282770396e-03
2.769531250000000000e+00 -4.033568901790010250e-03
2.773437500000000000e+00 -5.083974562434513678e-03
2.777343750000000000e+00 -6.289248097676577651e-03
2.781250000000000000e+00 -7.670521759037667378e-03
2.785156250000000000e+00 -9.247810875705288203e-03
2.789062500000000000e+00 -1.103988176656358830e-02
2.792968750000000000e+00 -1.306412718979256364e-02
2.796875000000000000e+00 -1.533645000344712080e-02
2.800781250000000000e+00 -1.787115563280576233e-02
2.804687500000000000e+00 -2.068085385413665628e-02
2.808593750000000000e+00 -2.377637030803518570e-02
2.812500000000000000e+00 -2.716666805134701837e-02
2.816406250000000000e+00 -3.085877934189145549e-02
2.820312500000000000e+00 -3.485774772618893680e-02
2.824218750000000000e+00 -3.916658036724861985e-02
2.828125000000000000e+00 -4.378621040521053082e-02
2.832031250000000000e+00 -4.871546898989392860e-02
2.835937500000000000e+00 -5.395106645972919113e-02
2.839843750000000000e+00 -5.948758196484247446e-02
2.843750000000000000e+00 -6.531746064359868209e-02
2.847656250000000000e+00 -7.143101725937484048e-02
2.851562500000000000e+00 -7.781644498605842786e-02
2.855468750000000000e+00 -8.445982779443388100e-02
2.859375000000000000e+00 -9.134515463250941769e-02
2.863281250000000000e+00 -9.845433330822869755e-02
2.867187500000000000e+00 -1.057672016637071222e-01
2.871093750000000000e+00 -1.132615332690823928e-01
2.875000000000000000e+00 -1.209130344482843011e-01
2.878906250000000000e+00 -1.286953289645636767e-01
2.882812500000000000e+00 -1.365799261165636935e-01
2.886718750000000000e+00 -1.445361673012222903e-01
2.890625000000000000e+00 -1.525311452494591824e-01
2.894531250000000000e+00 -1.605295890842243778e-01
2.898437500000000000e+00 -1.684937070247239099e-01
2.902343750000000000e+00 -1.763829768712822099e-01
2.906250000000000000e+00 -1.841538722385227533e-01
2.910156250000000000e+00 -1.917595096881443972e-01
2.914062500000000000e+00 -1.991491982272032835e-01
2.917968750000000000e+00 -2.062678677631683277e-01
2.921875000000000000e+00 -2.130553466130641060e-01
2.925781250000000000e+00 -2.194454494247540799e-01
2.929687500000000000e+00 -2.253648250073687909e-01
2.933593750000000000e+00 -2.307314973189577290e-01
2.937500000000000000e+00 -2.354530103690612719e-01
2.941406250000000000e+00 -2.394240563516472631e-01
2.945312500000000000e+00 -2.425234218704932776e-01
2.949218750000000000e+00 -2.446100235556939173e-01
2.953125000000000000e+00 -2.455177123682449059e-01
2.957031250000000000e+00 -2.450483910729744919e-01
2.960937500000000000e+00 -2.429627892723647820e-01
2.964843750000000000e+00 -2.389679396964511926e-01
2.968750000000000000e+00 -2.326999421515247302e-01
2.972656250000000000e+00 -2.236998990571412438e-01
2.976562500000000000e+00 -2.113798205008272924e-01
2.980468750000000000e+00 -1.949736196777225317e-01
2.984375000000000000e+00 -1.734657725536639383e-01
2.988281250000000000e+00 -1.454865441946741889e-01
2.992187500000000000e+00 -1.091581481681184879e-01
