0.000000000000000000e+00 0.000000000000000000e+00
3.906250000000000000e-03 8.039713287897636281e-06
7.812500000000000000e-03 4.848909928906410677e-02
1.171875000000000000e-02 9.981611835523326870e-02
1.562500000000000000e-02 1.527702750733471171e-01
1.953125000000000000e-02 2.059396895774514569e-01
2.343750000000000000e-02 2.579885096705336611e-01
2.734375000000000000e-02 3.078777494644950319e-01
3.125000000000000000e-02 3.549525335675470794e-01
3.515625000000000000e-02 3.989072510939524752e-01
3.906250000000000000e-02 4.396922922598702765e-01
4.296875000000000000e-02 4.774173120361220324e-01
4.687500000000000000e-02 5.122762718161982809e-01
5.078125000000000000e-02 5.444979395448493742e-01
5.468750000000000000e-02 5.743166311242228206e-01
5.859375000000000000e-02 6.019565699878238751e-01
6.250000000000000000e-02 6.276245671664645309e-01
6.640625000000000000e-02 6.515074482979077430e-01
7.031250000000000000e-02 6.737720210205327964e-01
7.421875000000000000e-02 6.945662931357988734e-01
7.812500000000000000e-02 7.140212187626824303e-01
8.203125000000000000e-02 7.322525840646639805e-01
8.593750000000000000e-02 7.493628352595318454e-01
8.984375000000000000e-02 7.654427580577344292e-01
9.375000000000000000e-02 7.805729752723354897e-01
9.765625000000000000e-02 7.948252592852295129e-01
1.015625000000000000e-01 8.082636705956046663e-01
1.054687500000000000e-01 8.209455398138224558e-01
1.093750000000000000e-01 8.329223121490576531e-01
1.132812500000000000e-01 8.442402728802973488e-01
1.171875000000000000e-01 8.549411707133889315e-01
1.210937500000000000e-01 8.650627539661327470e-01
1.250000000000000000e-01 8.746392325281480140e-01
1.289062500000000000e-01 8.837016766764631548e-01
1.328125000000000000e-01 8.922783621600742787e-01
1.367187500000000000e-01 9.003950695149594008e-01
1.406250000000000000e-01 9.080753443276810000e-01
1.445312500000000000e-01 9.153407241115988358e-01
1.484375000000000000e-01 9.222109365716273377e-01
1.523437500000000000e-01 9.287040732880007532e-01
1.562500000000000000e-01 9.348367422249159731e-01
1.601562500000000000e-01 9.406242019469323035e-01
1.640625000000000000e-01 9.460804799879546367e-01
1.679687500000000000e-01 9.512184774503573692e-01
1.718750000000000000e-01 9.560500616034409704e-01
1.757812500000000000e-01 9.605861479910121625e-01
1.796875000000000000e-01 9.648367733392176904e-01
1.835937500000000000e-01 9.688111603710011233e-01
1.875000000000000000e-01 9.725177754770257810e-01
1.914062500000000000e-01 9.759643800599598906e-01
1.953125000000000000e-01 9.791580762557581252e-01
1.992187500000000000e-01 9.821053476387840986e-01
2.031250000000000000e-01 9.848120954346490930e-01
2.070312500000000000e-01 9.872836706932565098e-01
2.109375000000000000e-01 9.895249028128910718e-01
2.148437500000000000e-01 9.915401247527384498e-01
2.187500000000000000e-01 9.933331952246488017e-01
2.226562500000000000e-01 9.949075181141793234e-01
2.265625000000000000e-01 9.962660593450369806e-01
2.304687500000000000e-01 9.974113613692030533e-01
2.343750000000000000e-01 9.983455554365885387e-01
2.382812500000000000e-01 9.990703717724288557e-01
2.421875000000000000e-01 9.995871477673309302e-01
2.460937500000000000e-01 9.998968342634140249e-01
2.500000000000000000e-01 1.000000000000000000e+00
2.539062500000000000e-01 9.999749445031755890e-01
2.578125000000000000e-01 9.999464249219948142e-01
2.617187500000000000e-01 9.998981961821238329e-01
2.656250000000000000e-01 9.998292142871016974e-01
2.695312500000000000e-01 9.997380179448653870e-01
2.734375000000000000e-01 9.996227288290377988e-01
2.773437500000000000e-01 9.994810518548975509e-01
2.812500000000000000e-01 9.993102754243529118e-01
2.851562500000000000e-01 9.991072715832750584e-01
2.890625000000000000e-01 9.988684960231015708e-01
2.929687500000000000e-01 9.985899878465432922e-01
2.968750000000000000e-01 9.982673690044279180e-01
3.007812500000000000e-01 9.978958432970349568e-01
3.046875000000000000e-01 9.974701948185642486e-01
3.085937500000000000e-01 9.969847857074662922e-01
3.125000000000000000e-01 9.964335530480273873e-01
3.164062500000000000e-01 9.958100047496123430e-01
3.203125000000000000e-01 9.951072142090311434e-01
3.242187500000000000e-01 9.943178135382718663e-01
3.281250000000000000e-01 9.934339851139478705e-01
3.320312500000000000e-01 9.924474511757148676e-01
3.359375000000000000e-01 9.913494611680904178e-01
3.398437500000000000e-01 9.901307764828006786e-01
3.437500000000000000e-01 9.887816522161624322e-01
3.476562500000000000e-01 9.872918155070160573e-01
3.515625000000000000e-01 9.856504399640930725e-01
3.554687500000000000e-01 9.838461156258545559e-01
3.593750000000000000e-01 9.818668138188428873e-01
3.632812500000000000e-01 9.796998461901060828e-01
3.671875000000000000e-01 9.773318170822765660e-01
3.710937500000000000e-01 9.747485682928271888e-01
3.750000000000000000e-01 9.719351151072638251e-01
3.789062500000000000e-01 9.688755723138754439e-01
3.828125000000000000e-01 9.655530686879126856e-01
3.867187500000000000e-01 9.619496481666492960e-01
3.906250000000000000e-01 9.580461556120939415e-01
3.945312500000000000e-01 9.538221046604249409e-01
3.984375000000000000e-01 9.492555246675258296e-01
4.023437500000000000e-01 9.443227831537602812e-01
4.062500000000000000e-01 9.389983793964805647e-01
4.101562500000000000e-01 9.332547038739039680e-01
4.140625000000000000e-01 9.270617570739134727e-01
4.179687500000000000e-01 9.203868196729617646e-01
4.218750000000000000e-01 9.131940641658766733e-01
4.257812500000000000e-01 9.054440955552920389e-01
4.296875000000000000e-01 8.970934055107938621e-01
4.335937500000000000e-01 8.880937202376607553e-01
4.375000000000000000e-01 8.783912168148592103e-01
4.414062500000000000e-01 8.679255755002764916e-01
4.453125000000000000e-01 8.566288257955223528e-01
4.492187500000000000e-01 8.444239309742225252e-01
4.531250000000000000e-01 8.312230379655103363e-01
4.570312500000000000e-01 8.169252950190005746e-01
4.609375000000000000e-01 8.014141056677067665e-01
4.648437500000000000e-01 7.845536401021357964e-01
4.687500000000000000e-01 7.661843583128332691e-01
4.726562500000000000e-01 7.461172048697981563e-01
4.765625000000000000e-01 7.241260013586001687e-01
4.804687500000000000e-01 6.999373742850971691e-01
4.843750000000000000e-01 6.732172978532567909e-01
4.882812500000000000e-01 6.435529972503437612e-01
4.921875000000000000e-01 6.104285937871662959e-01
4.960937500000000000e-01 5.731926957928482613e-01
5.000000000000000000e-01 5.310169048579785889e-01
5.039062500000000000e-01 4.828482728857058093e-01
5.078125000000000000e-01 4.273729603274100675e-01
5.117187500000000000e-01 3.630506005054747187e-01
5.156250000000000000e-01 2.883838923167381663e-01
5.195312500000000000e-01 2.027545370501448452e-01
5.234375000000000000e-01 1.080281270253763415e-01
5.273437500000000000e-01 9.729606375348294131e-03
5.312500000000000000e-01 -8.484575122021151272e-02
5.351562500000000000e-01 -1.705683659001934194e-01
5.390625000000000000e-01 -2.458658299049061302e-01
5.429687500000000000e-01 -3.113889567946148684e-01
5.468750000000000000e-01 -3.685367966762435610e-01
5.507812500000000000e-01 -4.187308164893150386e-01
5.546875000000000000e-01 -4.631853289731989731e-01
5.585937500000000000e-01 -5.028789672403228828e-01
5.625000000000000000e-01 -5.385867380551920824e-01
5.664062500000000000e-01 -5.709219808258689799e-01
5.703125000000000000e-01 -6.003732949838184174e-01
5.742187500000000000e-01 -6.273336477887578866e-01
5.781250000000000000e-01 -6.521224413825386090e-01
5.820312500000000000e-01 -6.750020428521925631e-01
5.859375000000000000e-01 -6.961901669144358040e-01
5.898437500000000000e-01 -7.158692050129591422e-01
5.937500000000000000e-01 -7.341933132970660525e-01
5.976562500000000000e-01 -7.512938498038709279e-01
6.015625000000000000e-01 -7.672835870892188437e-01
6.054687500000000000e-01 -7.822600085590925012e-01
6.093750000000000000e-01 -7.963079126727937718e-01
6.132812500000000000e-01 -8.095014893005908485e-01
6.171875000000000000e-01 -8.219059896829475909e-01
6.210937500000000000e-01 -8.335790805956534433e-01
6.250000000000000000e-01 -8.445719509399091107e-01
6.289062500000000000e-01 -8.549302225891476370e-01
6.328125000000000000e-01 -8.646947052215536722e-01
6.367187500000000000e-01 -8.739020258494134552e-01
6.406250000000000000e-01 -8.825851569787389606e-01
6.445312500000000000e-01 -8.907738621954202074e-01
6.484375000000000000e-01 -8.984950740485827536e-01
6.523437500000000000e-01 -9.057732160784827125e-01
6.562500000000000000e-01 -9.126304784903026546e-01
6.601562500000000000e-01 -9.190870551416520096e-01
6.640625000000000000e-01 -9.251613480686693425e-01
6.679687500000000000e-01 -9.308701446326090867e-01
6.718750000000000000e-01 -9.362287714576310593e-01
6.757812500000000000e-01 -9.412512285997720607e-01
6.796875000000000000e-01 -9.459503067976116064e-01
6.835937500000000000e-01 -9.503376901770013152e-01
6.875000000000000000e-01 -9.544240463922497586e-01
6.914062500000000000e-01 -9.582191058664347727e-01
6.953125000000000000e-01 -9.617317315300449865e-01
6.992187500000000000e-01 -9.649699802389183345e-01
7.031250000000000000e-01 -9.679411568707854130e-01
7.070312500000000000e-01 -9.706518619477397802e-01
7.109375000000000000e-01 -9.731080335041065732e-01
7.148437500000000000e-01 -9.753149838111093706e-01
7.187500000000000000e-01 -9.772774314777854521e-01
7.226562500000000000e-01 -9.789995293689451872e-01
7.265625000000000000e-01 -9.804848887131947244e-01
7.304687500000000000e-01 -9.817365997152022183e-01
7.343750000000000000e-01 -9.827572489348767037e-01
7.382812500000000000e-01 -9.835489336505682800e-01
7.421875000000000000e-01 -9.841132733826714052e-01
7.460937500000000000e-01 -9.844514187171062858e-01
7.500000000000000000e-01 -9.845640575342385903e-01
7.539062500000000000e-01 -9.845410778671381813e-01
7.578125000000000000e-01 -9.845257048773732311e-01
7.617187500000000000e-01 -9.844993608749864622e-01
7.656250000000000000e-01 -9.844609625255807961e-01
7.695312500000000000e-01 -9.844089935331163943e-01
7.734375000000000000e-01 -9.843415049712067599e-01
7.773437500000000000e-01 -9.842561156503283337e-01
7.812500000000000000e-01 -9.841500124761424217e-01
7.851562500000000000e-01 -9.840199507433213810e-01
7.890625000000000000e-01 -9.838622542979443830e-01
7.929687500000000000e-01 -9.836728154895502119e-01
7.968750000000000000e-01 -9.834470948211911923e-01
8.007812500000000000e-01 -9.831801201921753774e-01
8.046875000000000000e-01 -9.828664856134465833e-01
8.085937500000000000e-01 -9.825003492595713039e-01
8.125000000000000000e-01 -9.820754307038408459e-01
8.164062500000000000e-01 -9.815850071638363428e-01
8.203125000000000000e-01 -9.810219085636318059e-01
8.242187500000000000e-01 -9.803785111953043918e-01
8.281250000000000000e-01 -9.796467297361662885e-01
8.320312500000000000e-01 -9.788180073486341115e-01
8.359375000000000000e-01 -9.778833035563494480e-01
8.398437500000000000e-01 -9.768330795523094690e-01
8.437500000000000000e-01 -9.756572805515502100e-01
8.476562500000000000e-01 -9.743453147512449730e-01
8.515625000000000000e-01 -9.728860284037145201e-01
8.554687500000000000e-01 -9.712676764411688479e-01
8.593750000000000000e-01 -9.694778880131306176e-01
8.632812500000000000e-01 -9.675036262060147108e-01
8.671875000000000000e-01 -9.653311411063184577e-01
8.710937500000000000e-01 -9.629459152406385503e-01
8.750000000000000000e-01 -9.603326002727015087e-01
8.789062500000000000e-01 -9.574749436540169745e-01
8.828125000000000000e-01 -9.543557037034349211e-01
8.867187500000000000e-01 -9.509565513226390099e-01
8.906250000000000000e-01 -9.472579562278434784e-01
8.945312500000000000e-01 -9.432390551778170318e-01
8.984375000000000000e-01 -9.388774991857553598e-01
9.023437500000000000e-01 -9.341492760928058470e-01
9.062500000000000000e-01 -9.290285041221248985e-01
9.101562500000000000e-01 -9.234871910822590735e-01
9.140625000000000000e-01 -9.174949526919915499e-01
9.179687500000000000e-01 -9.110186819822092552e-01
9.218750000000000000e-01 -9.040221597955383492e-01
9.257812500000000000e-01 -8.964655939191976675e-01
9.296875000000000000e-01 -8.883050711709844505e-01
9.335937500000000000e-01 -8.794919025665161039e-01
9.375000000000000000e-01 -8.699718361880668382e-01
9.414062500000000000e-01 -8.596841050786090399e-01
9.453125000000000000e-01 -8.485602677348317302e-01
9.492187500000000000e-01 -8.365227856297138276e-01
9.531250000000000000e-01 -8.234832643171845490e-01
9.570312500000000000e-01 -8.093402601314479972e-01
9.609375000000000000e-01 -7.939765205097841783e-01
9.648437500000000000e-01 -7.772554785163344748e-01
9.687500000000000000e-01 -7.590167554270390582e-01
9.726562500000000000e-01 -7.390703310122366254e-01
9.765625000000000000e-01 -7.171889081119784404e-01
9.804687500000000000e-01 -6.930978119492318124e-01
9.843750000000000000e-01 -6.664615111316629648e-01
9.882812500000000000e-01 -6.368655249596806289e-01
9.921875000000000000e-01 -6.037921438300357657e-01
9.960937500000000000e-01 -5.665882733633673674e-01
1.000000000000000000e+00 -5.244246203998785827e-01
1.003906250000000000e+00 -4.762498268077769992e-01
1.007812500000000000e+00 -4.207580498738188179e-01
1.011718750000000000e+00 -3.564318345991819847e-01
1.015625000000000000e+00 -2.818270499816452612e-01
1.019531250000000000e+00 -1.964230690011075364e-01
1.023437500000000000e+00 -1.021971932382541998e-01
1.027343750000000000e+00 -4.679635636852621551e-03
1.031250000000000000e+00 8.900355097276806127e-02
1.035156250000000000e+00 1.739161305293013826e-01
1.039062500000000000e+00 2.485663719371883629e-01
1.042968750000000000e+00 3.135981008986352681e-01
1.046875000000000000e+00 3.703761382754120479e-01
1.050781250000000000e+00 4.202890404301676819e-01
1.054687500000000000e+00 4.645261746620900078e-01
1.058593750000000000e+00 5.040485647789474388e-01
1.062500000000000000e+00 5.396189912528596144e-01
1.066406250000000000e+00 5.718422626239070272e-01
1.070312500000000000e+00 6.012009440128238680e-01
1.074218750000000000e+00 6.280836617020982837e-01
1.078125000000000000e+00 6.528066396954600448e-01
1.082031250000000000e+00 6.756298781455660762e-01
1.085937500000000000e+00 6.967693002805708247e-01
1.089843750000000000e+00 7.164059210879635264e-01
1.093750000000000000e+00 7.346928243976933448e-01
1.097656250000000000e+00 7.517605221684979799e-01
1.101562500000000000e+00 7.677211115493198790e-01
1.105468750000000000e+00 7.826715309795817532e-01
1.109375000000000000e+00 7.966961348580510194e-01
1.113281250000000000e+00 8.098687479343121831e-01
1.117187500000000000e+00 8.222543187302585599e-01
1.121093750000000000e+00 8.339102611119062480e-01
1.125000000000000000e+00 8.448875511874138766e-01
1.128906250000000000e+00 8.552316306203937568e-01
1.132812500000000000e+00 8.649831555522681237e-01
1.136718750000000000e+00 8.741786214547085931e-01
1.140625000000000000e+00 8.828508875581801973e-01
1.144531250000000000e+00 8.910296194389215607e-01
1.148437500000000000e+00 8.987416644742807215e-01
1.152343750000000000e+00 9.060113718918489933e-01
1.156250000000000000e+00 9.128608668205308030e-01
1.160156250000000000e+00 9.193102859394858273e-01
1.164062500000000000e+00 9.253779808940146845e-01
1.167968750000000000e+00 9.310806945165902571e-01
1.171875000000000000e+00 9.364337139893449402e-01
1.175781250000000000e+00 9.414510043607088319e-01
1.179687500000000000e+00 9.461453252449646412e-01
1.183593750000000000e+00 9.505283330596241420e-01
1.187500000000000000e+00 9.546106707689486770e-01
1.191406250000000000e+00 9.584020467848780589e-01
1.195312500000000000e+00 9.619113044152772796e-01
1.199218750000000000e+00 9.651464830328776445e-01
1.203125000000000000e+00 9.681148719579774076e-01
1.207031250000000000e+00 9.708230578970924451e-01
1.210937500000000000e+00 9.732769666527856245e-01
1.214843750000000000e+00 9.754818997125588309e-01
1.218750000000000000e+00 9.774425662333460219e-01
1.222656250000000000e+00 9.791631108599938571e-01
1.226562500000000000e+00 9.806471377487417929e-01
1.230468750000000000e+00 9.818977311082331960e-01
1.234375000000000000e+00 9.829174725193697837e-01
1.238281250000000000e+00 9.837084552500128254e-01
1.242187500000000000e+00 9.842722957400310557e-01
1.246093750000000000e+00 9.846101423954731757e-01
1.250000000000000000e+00 9.847226817969128021e-01
1.253906250000000000e+00 9.846996817341228114e-01
1.257812500000000000e+00 9.846841757738257206e-01
1.261718750000000000e+00 9.846576104124963313e-01
1.265625000000000000e+00 9.846189027033653840e-01
1.269531250000000000e+00 9.845665368924920724e-01
1.273437500000000000e+00 9.844985647494689518e-01
1.277343750000000000e+00 9.844126059338595969e-01
1.281250000000000000e+00 9.843058483525578550e-01
1.285156250000000000e+00 9.841750484524465215e-01
1.289062500000000000e+00 9.840165313814115411e-01
1.292968750000000000e+00 9.838261909387827631e-01
1.296875000000000000e+00 9.835994892235331299e-01
1.300781250000000000e+00 9.833314558749043366e-01
1.304687500000000000e+00 9.830166867853986634e-01
1.308593750000000000e+00 9.826493421500868131e-01
1.312500000000000000e+00 9.822231436987297615e-01
1.316406250000000000e+00 9.817313709380484088e-01
1.320312500000000000e+00 9.811668562103058600e-01
1.324218750000000000e+00 9.805219783508684062e-01
1.328125000000000000e+00 9.797886547011498415e-01
1.332031250000000000e+00 9.789583312038603324e-01
1.335937500000000000e+00 9.780219702741747012e-01
1.339843750000000000e+00 9.769700361025948077e-01
1.343750000000000000e+00 9.757924770020565131e-01
1.347656250000000000e+00 9.744787043621775391e-01
1.351562500000000000e+00 9.730175677161643222e-01
1.355468750000000000e+00 9.713973253592439461e-01
1.359375000000000000e+00 9.696056098796161926e-01
1.363281250000000000e+00 9.676293878714596897e-01
1.367187500000000000e+00 9.654549129915181993e-01
1.371093750000000000e+00 9.630676713925623300e-01
1.375000000000000000e+00 9.604523184140113523e-01
1.378906250000000000e+00 9.575926052264348565e-01
1.382812500000000000e+00 9.544712939053420220e-01
1.386718750000000000e+00 9.510700591414382732e-01
1.390625000000000000e+00 9.473693744677863515e-01
1.394531250000000000e+00 9.433483804841897857e-01
1.398437500000000000e+00 9.389847320665448693e-01
1.402343750000000000e+00 9.342544209392302790e-01
1.406250000000000000e+00 9.291315692297207329e-01
1.410156250000000000e+00 9.235881886745795910e-01
1.414062500000000000e+00 9.175938989493997999e-01
1.417968750000000000e+00 9.111155970787730984e-01
1.421875000000000000e+00 9.041170679476577821e-01
1.425781250000000000e+00 8.965585234503532508e-01
1.429687500000000000e+00 8.883960545979525669e-01
1.433593750000000000e+00 8.795809767135379653e-01
1.437500000000000000e+00 8.700590423369327642e-01
1.441406250000000000e+00 8.597694891644095394e-01
1.445312500000000000e+00 8.486438805994125367e-01
1.449218750000000000e+00 8.366046833476894484e-01
1.453125000000000000e+00 8.235635086128835214e-01
1.457031250000000000e+00 8.094189189093953241e-01
1.460937500000000000e+00 7.940536685263448469e-01
1.464843750000000000e+00 7.773311982255340924e-01
1.468750000000000000e+00 7.590911380384822715e-01
1.472656250000000000e+00 7.391434778009691176e-01
1.476562500000000000e+00 7.172609320132061761e-01
1.480468750000000000e+00 6.931688394417493404e-01
1.484375000000000000e+00 6.665316843320530094e-01
1.488281250000000000e+00 6.369350036457070985e-01
1.492187500000000000e+00 6.038611066267591809e-01
1.496093750000000000e+00 5.666569161918553199e-01
1.500000000000000000e+00 5.244931476588448049e-01
1.503906250000000000e+00 4.763184247520448333e-01
1.507812500000000000e+00 4.208268186017469770e-01
1.511718750000000000e+00 3.565006309328763723e-01
1.515625000000000000e+00 2.818951717547508729e-01
1.519531250000000000e+00 1.964887988409628194e-01
1.523437500000000000e+00 1.022576747670030928e-01
1.527343750000000000e+00 4.731994265537741752e-03
1.531250000000000000e+00 -8.896042941816947880e-02
1.535156250000000000e+00 -1.738813831358110018e-01
1.539062500000000000e+00 -2.485383178590836739e-01
1.542968750000000000e+00 -3.135751339187960451e-01
1.546875000000000000e+00 -3.703570039152440652e-01
1.550781250000000000e+00 -4.202728224925153522e-01
1.554687500000000000e+00 -4.645122137828216480e-01
1.558593750000000000e+00 -5.040363832042785708e-01
1.562500000000000000e+00 -5.396082375117922103e-01
1.566406250000000000e+00 -5.718326734705487802e-01
1.570312500000000000e+00 -6.011923186732996971e-01
1.574218750000000000e+00 -6.280758443834781879e-01
1.578125000000000000e+00 -6.527995075609083209e-01
1.582031250000000000e+00 -6.756233329178427116e-01
1.585937500000000000e+00 -6.967632622810729925e-01
1.589843750000000000e+00 -7.164003249345467506e-01
1.593750000000000000e+00 -7.346876158501978171e-01
1.597656250000000000e+00 -7.517556557810225470e-01
1.601562500000000000e+00 -7.677165488983620500e-01
1.605468750000000000e+00 -7.826672393093291324e-01
1.609375000000000000e+00 -7.966920860320442221e-01
1.613281250000000000e+00 -8.098649176150752860e-01
1.617187500000000000e+00 -8.222506857306137729e-01
1.621093750000000000e+00 -8.339068068770805198e-01
1.625000000000000000e+00 -8.448842593778222998e-01
1.628906250000000000e+00 -8.552284867727065754e-01
1.632812500000000000e+00 -8.649801468019092665e-01
1.636718750000000000e+00 -8.741757363069669884e-01
1.640625000000000000e+00 -8.828481156981248246e-01
1.644531250000000000e+00 -8.910269515725003364e-01
1.648437500000000000e+00 -8.987390921946805111e-01
1.652343750000000000e+00 -9.060088875664372710e-01
1.656250000000000000e+00 -9.128584634946836918e-01
1.660156250000000000e+00 -9.193079572543428890e-01
1.664062500000000000e+00 -9.253757210157915747e-01
1.667968750000000000e+00 -9.310784980755212326e-01
1.671875000000000000e+00 -9.364315760266981314e-01
1.675781250000000000e+00 -9.414489202825934155e-01
1.679687500000000000e+00 -9.461432907818743132e-01
1.683593750000000000e+00 -9.505263442308482524e-01
1.687500000000000000e+00 -9.546087238511221651e-01
1.691406250000000000e+00 -9.584001382840688921e-01
1.695312500000000000e+00 -9.619094310420961413e-01
1.699218750000000000e+00 -9.651446416801815475e-01
1.703125000000000000e+00 -9.681130596808004141e-01
1.707031250000000000e+00 -9.708212718944924102e-01
1.710937500000000000e+00 -9.732752042513358459e-01
1.714843750000000000e+00 -9.754801583512539009e-01
1.718750000000000000e+00 -9.774408434497229292e-01
1.722656250000000000e+00 -9.791614042772867066e-01
1.726562500000000000e+00 -9.806454450639192633e-01
1.730468750000000000e+00 -9.818960500807772940e-01
1.734375000000000000e+00 -9.829158009606735469e-01
1.738281250000000000e+00 -9.837067910132827331e-01
1.742187500000000000e+00 -9.842706367105915621e-01
1.746093750000000000e+00 -9.846084864813761106e-01
1.750000000000000000e+00 -9.847210269197622656e-01
1.753906250000000000e+00 -9.846980270698543203e-01
1.757812500000000000e+00 -9.846825224970219281e-01
1.761718750000000000e+00 -9.846559594454346032e-01
1.765625000000000000e+00 -9.846172549642770999e-01
1.769531250000000000e+00 -9.845648932939509157e-01
1.773437500000000000e+00 -9.844969261967843055e-01
1.777343750000000000e+00 -9.844109733234795989e-01
1.781250000000000000e+00 -9.843042225704801140e-01
1.785156250000000000e+00 -9.841734303726429323e-01
1.789062500000000000e+00 -9.840149218642675333e-01
1.792968750000000000e+00 -9.838245908295524256e-01
1.796875000000000000e+00 -9.835978993508139867e-01
1.800781250000000000e+00 -9.833298770491347707e-01
1.804687500000000000e+00 -9.830151197973797661e-01
1.808593750000000000e+00 -9.826477877695327656e-01
1.812500000000000000e+00 -9.822216026728486371e-01
1.816406250000000000e+00 -9.817298439901575025e-01
1.820312500000000000e+00 -9.811653440384862090e-01
1.824218750000000000e+00 -9.805204816266585022e-01
1.828125000000000000e+00 -9.797871740682847497e-01
1.832031250000000000e+00 -9.789568672770605495e-01
1.835937500000000000e+00 -9.780205236379848621e-01
1.839843750000000000e+00 -9.769686073102785695e-01
1.843750000000000000e+00 -9.757910665745487266e-01
1.847656250000000000e+00 -9.744773127870983709e-01
1.851562500000000000e+00 -9.730161954468967700e-01
1.855468750000000000e+00 -9.713959728140770800e-01
1.859375000000000000e+00 -9.696042774409561193e-01
1.863281250000000000e+00 -9.676280758851096842e-01
1.867187500000000000e+00 -9.654536217660264485e-01
1.871093750000000000e+00 -9.630664011986392881e-01
1.875000000000000000e+00 -9.604510694840135976e-01
1.878906250000000000e+00 -9.575913777539134530e-01
1.882812500000000000e+00 -9.544700880446502778e-01
1.886718750000000000e+00 -9.510688750073952313e-01
1.890625000000000000e+00 -9.473682121353869112e-01
1.894531250000000000e+00 -9.433472399883530146e-01
1.898437500000000000e+00 -9.389836134018884062e-01
1.902343750000000000e+00 -9.342533240598576150e-01
1.906250000000000000e+00 -9.291304940490017206e-01
1.910156250000000000e+00 -9.235871350649029754e-01
1.914062500000000000e+00 -9.175928667418747908e-01
1.917968750000000000e+00 -9.111145860628450110e-01
1.921875000000000000e+00 -9.041160778706008871e-01
1.925781250000000000e+00 -8.965575540165965363e-01
1.929687500000000000e+00 -8.883951054681813453e-01
1.933593750000000000e+00 -8.795800475035034927e-01
1.937500000000000000e+00 -8.700581326158870477e-01
1.941406250000000000e+00 -8.597685984530640813e-01
1.945312500000000000e+00 -8.486430083672952263e-01
1.949218750000000000e+00 -8.366038290097447261e-01
1.953125000000000000e+00 -8.235626715251229690e-01
1.957031250000000000e+00 -8.094180983633650905e-01
1.960937500000000000e+00 -7.940528637421195857e-01
1.964843750000000000e+00 -7.773304083428941302e-01
1.968750000000000000e+00 -7.590903621058785467e-01
1.972656250000000000e+00 -7.391427147618587767e-01
1.976562500000000000e+00 -7.172601806894173260e-01
1.980468750000000000e+00 -6.931680985138319873e-01
1.984375000000000000e+00 -6.665309523174305362e-01
1.988281250000000000e+00 -6.369342788775630426e-01
1.992187500000000000e+00 -6.038603872416512530e-01
1.996093750000000000e+00 -5.666562001458741449e-01
2.000000000000000000e+00 -5.244924328195563756e-01
2.003906250000000000e+00 -4.763177091761049420e-01
2.007812500000000000e+00 -4.208261012442185978e-01
2.011718750000000000e+00 -3.564999132859944520e-01
2.015625000000000000e+00 -2.818944611411421941e-01
2.019531250000000000e+00 -1.964881131733747233e-01
2.023437500000000000e+00 -1.022570438367768064e-01
2.027343750000000000e+00 -4.731448069282057599e-03
2.031250000000000000e+00 8.896087925341079894e-02
2.035156250000000000e+00 1.738817456106006576e-01
2.039062500000000000e+00 2.485386105085003183e-01
2.042968750000000000e+00 3.135753734996350461e-01
2.046875000000000000e+00 3.703572035146842634e-01
2.050781250000000000e+00 4.202729916685252198e-01
2.054687500000000000e+00 4.645123594139370926e-01
2.058593750000000000e+00 5.040365102744024384e-01
2.062500000000000000e+00 5.396083496874155561e-01
2.066406250000000000e+00 5.718327734977884935e-01
2.070312500000000000e+00 6.011924086465656458e-01
2.074218750000000000e+00 6.280759259279435902e-01
2.078125000000000000e+00 6.527995819579546222e-01
2.082031250000000000e+00 6.756234011926519623e-01
2.085937500000000000e+00 6.967633252648117725e-01
2.089843750000000000e+00 7.164003833092463802e-01
2.093750000000000000e+00 7.346876701816609234e-01
2.097656250000000000e+00 7.517557065433138064e-01
2.101562500000000000e+00 7.677165964922917363e-01
2.105468750000000000e+00 7.826672840765853678e-01
2.109375000000000000e+00 7.966921282661282300e-01
2.113281250000000000e+00 8.098649575698596559e-01
2.117187500000000000e+00 8.222507236271087150e-01
2.121093750000000000e+00 8.339068429088363210e-01
2.125000000000000000e+00 8.448842937152822863e-01
2.128906250000000000e+00 8.552285195667420625e-01
2.132812500000000000e+00 8.649801781867137995e-01
2.136718750000000000e+00 8.741757664024454311e-01
2.140625000000000000e+00 8.828481446118747744e-01
2.144531250000000000e+00 8.910269794014705758e-01
2.148437500000000000e+00 8.987391190265645591e-01
2.152343750000000000e+00 9.060089134808528843e-01
2.156250000000000000e+00 9.128584885641763957e-01
2.160156250000000000e+00 9.193079815452431802e-01
2.164062500000000000e+00 9.253757445889532196e-01
2.167968750000000000e+00 9.310785209869574253e-01
2.171875000000000000e+00 9.364315983281341627e-01
2.175781250000000000e+00 9.414489420219498417e-01
2.179687500000000000e+00 9.461433120036866207e-01
2.183593750000000000e+00 9.505263649766402256e-01
2.187500000000000000e+00 9.546087441597331802e-01
2.191406250000000000e+00 9.584001581919447954e-01
2.195312500000000000e+00 9.619094505835493747e-01
2.199218750000000000e+00 9.651446608876230737e-01
2.203125000000000000e+00 9.681130785849497711e-01
2.207031250000000000e+00 9.708212905245668933e-01
2.210937500000000000e+00 9.732752226352222591e-01
2.214843750000000000e+00 9.754801765156666526e-01
2.218750000000000000e+00 9.774408614203485834e-01
2.222656250000000000e+00 9.791614220789177647e-01
2.226562500000000000e+00 9.806454627205790642e-01
2.230468750000000000e+00 9.818960676158369205e-01
2.234375000000000000e+00 9.829158183969627371e-01
2.238281250000000000e+00 9.837068083731952406e-01
2.242187500000000000e+00 9.842706540161859641e-01
2.246093750000000000e+00 9.846085037544737295e-01
2.250000000000000000e+00 9.847210441820433147e-01
2.253906250000000000e+00 9.846980443299148122e-01
2.257812500000000000e+00 9.846825397426096638e-01
2.261718750000000000e+00 9.846559766669287228e-01
2.265625000000000000e+00 9.846172721521001536e-01
2.269531250000000000e+00 9.845649104385832961e-01
2.273437500000000000e+00 9.844969432887828997e-01
2.277343750000000000e+00 9.844109903534928874e-01
2.281250000000000000e+00 9.843042395292662672e-01
2.285156250000000000e+00 9.841734472510856868e-01
2.289062500000000000e+00 9.840149386533919573e-01
2.292968750000000000e+00 9.838246075205416830e-01
2.296875000000000000e+00 9.835979159350245471e-01
2.300781250000000000e+00 9.833298935181131739e-01
2.304687500000000000e+00 9.830151361428769441e-01
2.308593750000000000e+00 9.826478039835198075e-01
2.312500000000000000e+00 9.822216187475310001e-01
2.316406250000000000e+00 9.817298599179905549e-01
2.320312500000000000e+00 9.811653598121878872e-01
2.324218750000000000e+00 9.805204972392238538e-01
2.328125000000000000e+00 9.797871895129991460e-01
2.332031250000000000e+00 9.789568825475115643e-01
2.335937500000000000e+00 9.780205387280752616e-01
2.339843750000000000e+00 9.769686222142368592e-01
2.343750000000000000e+00 9.757910812869411421e-01
2.347656250000000000e+00 9.744773273028384253e-01
2.351562500000000000e+00 9.730162097612550243e-01
2.355468750000000000e+00 9.713959869226903576e-01
2.359375000000000000e+00 9.696042913398357221e-01
2.363281250000000000e+00 9.676280895706480534e-01
2.367187500000000000e+00 9.654536352350052697e-01
2.371093750000000000e+00 9.630664144482347089e-01
2.375000000000000000e+00 9.604510825118020012e-01
2.378906250000000000e+00 9.575913905578756768e-01
2.382812500000000000e+00 9.544701006231763873e-01
2.386718750000000000e+00 9.510688873592875181e-01
2.390625000000000000e+00 9.473682242598631120e-01
2.394531250000000000e+00 9.433472518850487543e-01
2.398437500000000000e+00 9.389836250708599730e-01
2.402343750000000000e+00 9.342533355015837371e-01
2.406250000000000000e+00 9.291305052643856754e-01
2.410156250000000000e+00 9.235871460552763645e-01
2.414062500000000000e+00 9.175928775089992051e-01
2.417968750000000000e+00 9.111145966089165826e-01
2.421875000000000000e+00 9.041160881982560626e-01
2.425781250000000000e+00 8.965575641289182940e-01
2.429687500000000000e+00 8.883951153687092983e-01
2.433593750000000000e+00 8.795800571962455461e-01
2.437500000000000000e+00 8.700581421053363851e-01
2.441406250000000000e+00 8.597686077442203700e-01
2.445312500000000000e+00 8.486430174656919290e-01
2.449218750000000000e+00 8.366038379214846277e-01
2.453125000000000000e+00 8.235626802569235849e-01
2.457031250000000000e+00 8.094181069226163983e-01
2.460937500000000000e+00 7.940528721369570775e-01
2.464843750000000000e+00 7.773304165822909617e-01
2.468750000000000000e+00 7.590903701997603337e-01
2.472656250000000000e+00 7.391427227212467033e-01
2.476562500000000000e+00 7.172601885266010058e-01
2.480468750000000000e+00 6.931681062425747442e-01
2.484375000000000000e+00 6.665309599531974438e-01
2.488281250000000000e+00 6.369342864377409708e-01
2.492187500000000000e+00 6.038603947456780974e-01
2.496093750000000000e+00 5.666562076150701843e-01
2.500000000000000000e+00 5.244924402761652615e-01
2.503906250000000000e+00 4.763177166403982365e-01
2.507812500000000000e+00 4.208261087270961931e-01
2.511718750000000000e+00 3.564999207718901886e-01
2.515625000000000000e+00 2.818944685536730055e-01
2.519531250000000000e+00 1.964881203256887698e-01
2.523437500000000000e+00 1.022570504247626716e-01
2.527343750000000000e+00 4.731453772497113200e-03
2.531250000000000000e+00 -8.896087455636733643e-02
2.535156250000000000e+00 -1.738817418257483094e-01
2.539062500000000000e+00 -2.485386074527431710e-01
2.542968750000000000e+00 -3.135753709980036441e-01
2.546875000000000000e+00 -3.703572014305229754e-01
2.550781250000000000e+00 -4.202729899020434257e-01
2.554687500000000000e+00 -4.645123578933004205e-01
2.558593750000000000e+00 -5.040365089475740135e-01
2.562500000000000000e+00 -5.396083485161086157e-01
2.566406250000000000e+00 -5.718327724533361911e-01
2.570312500000000000e+00 -6.011924077070917027e-01
2.574218750000000000e+00 -6.280759250764806900e-01
2.578125000000000000e+00 -6.527995811811211357e-01
2.582031250000000000e+00 -6.756234004797482262e-01
2.585937500000000000e+00 -6.967633246071541775e-01
2.589843750000000000e+00 -7.164003826997135116e-01
2.593750000000000000e+00 -7.346876696143489482e-01
2.597656250000000000e+00 -7.517557060132687985e-01
2.601562500000000000e+00 -7.677165959953298202e-01
2.605468750000000000e+00 -7.826672836091377317e-01
2.609375000000000000e+00 -7.966921278251333227e-01
2.613281250000000000e+00 -8.098649571526633784e-01
2.617187500000000000e+00 -8.222507232314044678e-01
2.621093750000000000e+00 -8.339068425326023881e-01
2.625000000000000000e+00 -8.448842933567405344e-01
2.628906250000000000e+00 -8.552285192243163081e-01
2.632812500000000000e+00 -8.649801778590022749e-01
2.636718750000000000e+00 -8.741757660881980252e-01
2.640625000000000000e+00 -8.828481443099660542e-01
2.644531250000000000e+00 -8.910269791108887949e-01
2.648437500000000000e+00 -8.987391187463933395e-01
2.652343750000000000e+00 -9.060089132102627785e-01
2.656250000000000000e+00 -9.128584883024081220e-01
2.660156250000000000e+00 -9.193079812916048477e-01
2.664062500000000000e+00 -9.253757443428086704e-01
2.667968750000000000e+00 -9.310785207477230152e-01
2.671875000000000000e+00 -9.364315980952692131e-01
2.675781250000000000e+00 -9.414489417949535310e-01
2.679687500000000000e+00 -9.461433117820953198e-01
2.683593750000000000e+00 -9.505263647600189492e-01
2.687500000000000000e+00 -9.546087439476765857e-01
2.691406250000000000e+00 -9.584001579840724094e-01
2.695312500000000000e+00 -9.619094503795034834e-01
2.699218750000000000e+00 -9.651446606870643929e-01
2.703125000000000000e+00 -9.681130783875583345e-01
2.707031250000000000e+00 -9.708212903300369456e-01
2.710937500000000000e+00 -9.732752224432632548e-01
2.714843750000000000e+00 -9.754801763259992597e-01
2.718750000000000000e+00 -9.774408612327044610e-01
2.722656250000000000e+00 -9.791614218930386748e-01
2.726562500000000000e+00 -9.806454625362134303e-01
2.730468750000000000e+00 -9.818960674327411597e-01
2.734375000000000000e+00 -9.829158182148983736e-01
2.738281250000000000e+00 -9.837068081919284612e-01
2.742187500000000000e+00 -9.842706538354861756e-01
2.746093750000000000e+00 -9.846085035741132252e-01
2.750000000000000000e+00 -9.847210440017959421e-01
2.753906250000000000e+00 -9.846980441496905323e-01
2.757812500000000000e+00 -9.846825395625365962e-01
2.761718750000000000e+00 -9.846559764871074538e-01
2.765625000000000000e+00 -9.846172719726302702e-01
2.769531250000000000e+00 -9.845649102595642743e-01
2.773437500000000000e+00 -9.844969431103135493e-01
2.777343750000000000e+00 -9.844109901756707970e-01
2.781250000000000000e+00 -9.843042393521879152e-01
2.785156250000000000e+00 -9.841734470748464414e-01
2.789062500000000000e+00 -9.840149384780851882e-01
2.792968750000000000e+00 -9.838246073462593166e-01
2.796875000000000000e+00 -9.835979157618573998e-01
2.800781250000000000e+00 -9.833298933461490643e-01
2.804687500000000000e+00 -9.830151359722023585e-01
2.808593750000000000e+00 -9.826478038142182347e-01
2.812500000000000000e+00 -9.822216185796840415e-01
2.816406250000000000e+00 -9.817298597516770364e-01
2.820312500000000000e+00 -9.811653596474837480e-01
2.824218750000000000e+00 -9.805204970762022576e-01
2.828125000000000000e+00 -9.797871893517302588e-01
2.832031250000000000e+00 -9.789568823880621107e-01
2.835937500000000000e+00 -9.780205385705089682e-01
2.839843750000000000e+00 -9.769686220586141223e-01
2.843750000000000000e+00 -9.757910811333188050e-01
2.847656250000000000e+00 -9.744773271512695567e-01
2.851562500000000000e+00 -9.730162096117888071e-01
2.855468750000000000e+00 -9.713959867753725330e-01
2.859375000000000000e+00 -9.696042911947079235e-01
2.863281250000000000e+00 -9.676280894277480282e-01
2.867187500000000000e+00 -9.654536350943661027e-01
2.871093750000000000e+00 -9.630664143098864871e-01
2.875000000000000000e+00 -9.604510823757698157e-01
2.878906250000000000e+00 -9.575913904241806218e-01
2.882812500000000000e+00 -9.544701004918354492e-01
2.886718750000000000e+00 -9.510688872303130204e-01
2.890625000000000000e+00 -9.473682241332633813e-01
2.894531250000000000e+00 -9.433472517608268992e-01
2.898437500000000000e+00 -9.389836249490162157e-01
2.902343750000000000e+00 -9.342533353821126374e-01
2.906250000000000000e+00 -9.291305051472784626e-01
2.910156250000000000e+00 -9.235871459405177175e-01
2.914062500000000000e+00 -9.175928773965720264e-01
2.917968750000000000e+00 -9.111145964987981127e-01
2.921875000000000000e+00 -9.041160880904169916e-01
2.925781250000000000e+00 -8.965575640233285348e-01
2.929687500000000000e+00 -8.883951152653308814e-01
2.933593750000000000e+00 -8.795800570950373931e-01
2.937500000000000000e+00 -8.700581420062496463e-01
2.941406250000000000e+00 -8.597686076472048633e-01
2.945312500000000000e+00 -8.486430173706891456e-01
2.949218750000000000e+00 -8.366038378284316179e-01
2.953125000000000000e+00 -8.235626801657476292e-01
2.957031250000000000e+00 -8.094181068332431117e-01
2.960937500000000000e+00 -7.940528720493016390e-01
2.964843750000000000e+00 -7.773304164962562268e-01
2.968750000000000000e+00 -7.590903701152462713e-01
2.972656250000000000e+00 -7.391427226381370730e-01
2.976562500000000000e+00 -7.172601884447689091e-01
2.980468750000000000e+00 -6.931681061618715223e-01
2.984375000000000000e+00 -6.665309598734671104e-01
2.988281250000000000e+00 -6.369342863587997838e-01
2.992187500000000000e+00 -6.038603946673256617e-01
2.996093750000000000e+00 -5.666562075370760176e-01
