-2.145382495257933897e+00 -9.664046479042365245e-02
-1.857010431348124602e+00 -9.104895600022964997e-02
-1.567519773792528159e+00 -8.526385796155974695e-02
-1.277084900938612710e+00 -7.928989627789931327e-02
-9.858807598937837646e-01 -7.313348059523763767e-02
-6.940827611437999645e-01 -6.680280146909553518e-02
-4.018666728920576303e-01 -6.030789427232633587e-02
-1.094085151833928127e-01 -5.366066148933393981e-02
1.831155461237752857e-01 -4.687484560193508343e-02
4.755293054731301039e-01 -3.996594651905976958e-02
7.676566237500931367e-01 -3.295108015285173192e-02
1.059321534381459040e+00 -2.584877818184485448e-02
1.350348349331107256e+00 -1.867873300528157324e-02
1.640561764927915389e+00 -1.146149598948966591e-02
1.929786967462101099e+00 -4.218140856493826814e-03
2.217849738486438405e+00 3.030093011179383570e-03
2.504576559758970422e+00 1.026216088455576304e-02
2.789794717763991905e+00 1.745755993212889934e-02
3.073332407748183392e+00 2.459664797468185532e-02
3.355018837209315929e+00 3.166092090393050895e-02
3.634684328775276363e+00 3.863323942428152635e-02
3.912160422411363303e+00 4.549799975068970909e-02
4.187279976894296318e+00 5.224124685816756292e-02
4.459877270491791279e+00 5.885073241947987727e-02
4.729788100786996630e+00 6.531592239785832810e-02
4.996849883588045493e+00 7.162796123423761929e-02
5.260901750862942983e+00 7.777960066955409701e-02
5.521784647640486376e+00 8.376510156147257136e-02
5.779341427818987853e+00 8.958011674537072477e-02
6.033416948825041537e+00 9.522156223186846458e-02
6.283858165065481671e+00 1.006874830041094293e-01
6.530514220116192092e+00 1.059769185297298882e-01
6.773236537592469908e+00 1.110897719532306094e-01
7.011878910646074381e+00 1.160266858663668299e-01
7.246297590034780356e+00 1.207889266165483727e-01
7.476351370711678435e+00 1.253782783288669711e-01
7.701901676881840686e+00 1.297969471894474536e-01
7.922812645474974325e+00 1.340474760566977286e-01
8.138951207984007397e+00 1.381326691155764230e-01
8.350187170620564814e+00 1.420555260477751602e-01
8.556393292738897927e+00 1.458191850368892317e-01
8.757445363481188849e+00 1.494268738427837750e-01
8.953222276597918139e+00 1.528818681463034457e-01
9.143606103397374341e+00 1.561874563698363860e-01
9.328482163781261605e+00 1.593469102094081380e-01
9.507739095323836764e+00 1.623634601607207573e-01
9.681268920352504637e+00 1.652402753779477762e-01
9.848967110989505613e+00 1.679804472650442138e-01
1.001073265211561214e+01 1.705869762611413043e-01
1.016646810221800834e+01 1.730627613417822785e-01
1.031607965208507771e+01 1.754105918146878773e-01
1.045947718131317394e+01 1.776331410415041834e-01
1.059657431259226712e+01 1.797329617650594291e-01
1.072728846373680689e+01 1.817124827648681218e-01
1.085154089743009642e+01 1.835740066021330497e-01
1.096925676865229704e+01 1.853197082494900116e-01
1.108036516976406816e+01 1.869516344305406641e-01
1.118479917321883654e+01 1.884717035201719515e-01
1.128249587187776548e+01 1.898817058791630319e-01
1.137339641690271996e+01 1.911833045160045985e-01
1.145744605320462917e+01 1.923780359855758737e-01
1.153459415242574515e+01 1.934673114486409606e-01
1.160479424343613708e+01 1.944524178283827953e-01
1.166800404032600191e+01 1.953345190106354767e-01
1.172418546787711513e+01 1.961146570433856262e-01
1.177330468449796363e+01 1.967937532986831495e-01
1.181533210260886158e+01 1.973726095665574720e-01
1.185024240646452931e+01 1.978519090560271754e-01
1.187801456740325001e+01 1.982322172829927565e-01
1.189863185651387845e+01 1.985139828288486064e-01
1.191208185471274028e+01 1.986975379571424838e-01
1.191835646022435391e+01 1.987830990786854934e-01
1.191745189346140776e+01 1.987722307885272932e-01
1.190936869930100173e+01 1.987404820997193400e-01
1.189411174675655580e+01 1.986803891104499120e-01
1.187169022604502011e+01 1.985916785520057404e-01
1.184211764305152315e+01 1.984739484348386762e-01
1.180541181119430227e+01 1.983266678373215297e-01
1.176159484069422057e+01 1.981491766247736874e-01
1.171069312525622408e+01 1.979406850970722442e-01
1.165273732617063551e+01 1.977002735628614616e-01
1.158776235384359410e+01 1.974268918381543725e-01
1.151580734676844386e+01 1.971193586669988951e-01
1.143691564795087068e+01 1.967763610618747383e-01
1.135113477880065780e+01 1.963964535616173901e-01
1.125851641050621765e+01 1.959780574049831969e-01
1.115911633290953908e+01 1.955194596184834377e-01
1.105299442090057482e+01 1.950188120178736606e-01
1.094021459835098575e+01 1.944741301237269127e-01
1.082084479960870738e+01 1.938832919929059095e-01
1.069495692857679714e+01 1.932440369695383187e-01
1.056262681540123438e+01 1.925539643613548568e-01
1.042393417079373386e+01 1.918105320500617939e-01
1.027896253801718274e+01 1.910110550478789915e-01
1.012779924256249053e+01 1.901527040165963689e-01
9.970535339546717779e+00 1.892325037706085178e-01
9.807265558864653343e+00 1.882473317915455968e-01
9.638088248127182567e+00 1.871939167894811351e-01
9.463105313420260956e+00 1.860688373544685803e-01
9.282422157920716899e+00 1.848685207525809782e-01
9.096147618405492352e+00 1.835892419329364922e-01
8.904393899692207626e+00 1.822271228266963972e-01
8.707276507051037839e+00 1.807781320360518085e-01
8.504914176628581401e+00 1.792380850311131590e-01
8.297428803925699370e+00 1.776026449957948117e-01
8.084945370372293993e+00 1.758673244906552580e-01
7.867591868043006365e+00 1.740274881316547506e-01
7.645499222559802632e+00 1.720783565193668152e-01
7.418801214227710439e+00 1.700150116937195199e-01
7.187634397450528567e+00 1.678324044351983124e-01
6.952138018475383596e+00 1.655253637848493053e-01
6.712453931515914185e+00 1.630886092123772502e-01
6.468726513304201120e+00 1.605167659238553313e-01
6.221102576123296757e+00 1.578043838673400256e-01
5.969731279372990862e+00 1.549459610646420904e-01
5.714764039722223465e+00 1.519359719684343080e-01
5.456354439901938136e+00 1.487689016124273955e-01
5.194658136192543019e+00 1.454392863836951877e-01
4.929832764662150701e+00 1.419417622937232670e-01
4.662037846212358616e+00 1.382711216494168227e-01
4.391434690488797976e+00 1.344223790155618659e-01
4.118186298714181959e+00 1.303908473015472635e-01
3.842457265502388530e+00 1.261722246799363290e-01
3.564413679712862049e+00 1.217626928323046198e-01
3.284223024404896218e+00 1.171590266962188737e-01
3.002054075952091061e+00 1.123587154335139865e-01
2.718076802377838330e+00 1.073600937336430666e-01
2.432462260973009105e+00 1.021624817926945622e-01
2.145382495257530664e+00 9.676633136643393585e-02
1.857010431347803081e+00 9.117337420082648192e-02
1.567519773792304338e+00 8.538676793852320590e-02
1.277084900938421752e+00 7.941123336055358473e-02
9.858807598935181993e-01 7.325317566259637037e-02
6.940827611433989519e-01 6.692078153579536504e-02
4.018666728915540332e-01 6.042408330339991279e-02
1.094085151828980973e-01 5.377498144740850555e-02
-1.831155461241297244e-01 4.698721771580838258e-02
-4.755293054732582236e-01 4.007629274568445810e-02
-7.676566237499856671e-01 3.305932478702449523e-02
-1.059321534381169494e+00 2.595484955096870675e-02
-1.350348349330706688e+00 1.878256517548294521e-02
-1.640561764927465971e+00 1.156303039645444238e-02
-1.929786967461674774e+00 4.317327780806229712e-03
-2.217849738486139977e+00 -2.933293202491585143e-03
-2.504576559758933119e+00 -1.016777679197306168e-02
-2.789794717764286780e+00 -1.736560851492131852e-02
-3.073332407748806894e+00 -2.450713429783611674e-02
-3.355018837210204108e+00 -3.157383823502987741e-02
-3.634684328776235596e+00 -3.854856965289342463e-02
-3.912160422412148453e+00 -4.541571408547547678e-02
-4.187279976894740408e+00 -5.216130674528301342e-02
-4.459877270491872991e+00 -5.877309062026956493e-02
-4.729788100786925575e+00 -6.524052416389675146e-02
-4.996849883588208918e+00 -7.155474552236348873e-02
-5.260901750863724580e+00 -7.770850134733880976e-02
-5.521784647642031807e+00 -8.369604856314590002e-02
-5.779341427821076849e+00 -8.951303714835576186e-02
-6.033416948827194481e+00 -9.515638123378024338e-02
-6.283858165067204737e+00 -1.006241247886904139e-01
-6.530514220117243696e+00 -1.059153070173767947e-01
-6.773236537592885576e+00 -1.110298314373810852e-01
-7.011878910646035301e+00 -1.159683415411295743e-01
-7.246297590034552982e+00 -1.207321050037225424e-01
-7.476351370711522115e+00 -1.253229076141230969e-01
-7.701901676881755421e+00 -1.297429574781842065e-01
-7.922812645474626159e+00 -1.339947995601733777e-01
-8.138951207982898950e+00 -1.380812402775137560e-01
-8.350187170618319499e+00 -1.420052816209341207e-01
-8.556393292735494427e+00 -1.457700641182235746e-01
-8.757445363477039280e+00 -1.493788178748400586e-01
-8.953222276593605145e+00 -1.528348208915498718e-01
-9.143606103393182138e+00 -1.561413638636788837e-01
-9.328482163777126246e+00 -1.593017206967903276e-01
-9.507739095319701406e+00 -1.623191240204011343e-01
-9.681268920348802709e+00 -1.651967450378434010e-01
-9.848967110987217666e+00 -1.679376771114114431e-01
-1.001073265211575425e+01 -1.705449225438429306e-01
-1.016646810222114894e+01 -1.730213820774504918e-01
-1.031607965209133049e+01 -1.753698466892082419e-01
-1.045947718132243942e+01 -1.775929913129163928e-01
-1.059657431260410476e+01 -1.796933701676996231e-01
-1.072728846375029299e+01 -1.816734134153762115e-01
-1.085154089744403727e+01 -1.835354249077694733e-01
-1.096925676866560551e+01 -1.852815808190535485e-01
-1.108036516977610475e+01 -1.869139289880623056e-01
-1.118479917322958705e+01 -1.884343888214686513e-01
-1.128249587188769176e+01 -1.898447516312599115e-01
-1.137339641691266756e+01 -1.911466812993859177e-01
-1.145744605321540099e+01 -1.923417151791658175e-01
-1.153459415243769648e+01 -1.934312651573950048e-01
-1.160479424344901922e+01 -1.944166188133379103e-01
-1.166800404033912564e+01 -1.952989406212492229e-01
-1.172418546788964910e+01 -1.960792731519730436e-01
-1.177330468450914758e+01 -1.967585382367514624e-01
-1.181533210261807021e+01 -1.973375380628332176e-01
-1.185024240647132920e+01 -1.978169561759671735e-01
-1.187801456740769801e+01 -1.981973583695698371e-01
-1.189863185651655009e+01 -1.984791934443901895e-01
-1.191208185471436742e+01 -1.986627938260039083e-01
-1.191835646022523498e+01 -1.987483760305438774e-01
-1.191745189346095302e+01 -1.987375053635957178e-01
-1.190936869929812403e+01 -1.987057649892608191e-01
-1.189411174675044514e+01 -1.986456876861059095e-01
-1.187169022603579016e+01 -1.985570001623749303e-01
-1.184211764304014736e+01 -1.984393003946982870e-01
-1.180541181118200988e+01 -1.982920574169173833e-01
-1.176159484068210581e+01 -1.981146110392056625e-01
-1.171069312524497619e+01 -1.979061714957985607e-01
-1.165273732616056712e+01 -1.976658190193473774e-01
-1.158776235383497522e+01 -1.973925033396912720e-01
-1.151580734676164397e+01 -1.970850431047188323e-01
-1.143691564794608162e+01 -1.967421252209873850e-01
-1.135113477879778721e+01 -1.963623041119019474e-01
-1.125851641050491025e+01 -1.959440008915669107e-01
-1.115911633290931881e+01 -1.954855024529404406e-01
-1.105299442090093720e+01 -1.949849604696798910e-01
-1.094021459835125576e+01 -1.944403903121092736e-01
-1.082084479960817447e+01 -1.938496698791304096e-01
-1.069495692857507052e+01 -1.932105383496829087e-01
-1.056262681539836379e+01 -1.925205948596150907e-01
-1.042393417079011719e+01 -1.917772971126440740e-01
-1.027896253801321791e+01 -1.909779599375413528e-01
-1.012779924255819886e+01 -1.901197538079036631e-01
-9.970535339541978459e+00 -1.891997033459794919e-01
-9.807265558859743493e+00 -1.882146858381712473e-01
-9.638088248122805624e+00 -1.871614297971994911e-01
-9.463105313417418785e+00 -1.860365136146973353e-01
-9.282422157920382944e+00 -1.848363643584180205e-01
-9.096147618408256363e+00 -1.835572567805524025e-01
-8.904393899698133552e+00 -1.821953126181573845e-01
-8.707276507059663828e+00 -1.807465002837243817e-01
-8.504914176638884271e+00 -1.792066350638183425e-01
-8.297428803936236719e+00 -1.775713799668994231e-01
-8.084945370381779739e+00 -1.758362473883089694e-01
-7.867591868051042603e+00 -1.739966017913968932e-01
-7.645499222567156750e+00 -1.720476636393454828e-01
-7.418801214235554831e+00 -1.699845148527847627e-01
-7.187634397459651936e+00 -1.678021061141659609e-01
-6.952138018485892523e+00 -1.654952663912467592e-01
-6.712453931526916939e+00 -1.630587151089897269e-01
-6.468726513314088322e+00 -1.604870774614081952e-01
-6.221102576130608242e+00 -1.577749034216501534e-01
-5.969731279377090694e+00 -1.549166910785476081e-01
-5.714764039723363886e+00 -1.519069149987845868e-01
-5.456354439900900744e+00 -1.487400603823669787e-01
-5.194658136190336783e+00 -1.454106638403946938e-01
-4.929832764659631827e+00 -1.419133616715784751e-01
-4.662037846210038694e+00 -1.382429465385686673e-01
-4.391434690486851089e+00 -1.343944334353533721e-01
-4.118186298712505078e+00 -1.303631357782266131e-01
-3.842457265500750729e+00 -1.261447523275317506e-01
-3.564413679711011085e+00 -1.217354654351215648e-01
-3.284223024402515900e+00 -1.171320507908455988e-01
-3.002054075948914935e+00 -1.123319983875801786e-01
-2.718076802373823764e+00 -1.073336438178561780e-01
-2.432462260968422552e+00 -1.021363082419293744e-01
-2.145382495252849964e+00 -9.674044442492753249e-02
-1.857010431343490087e+00 -9.114778514591106995e-02
-1.567519773788690340e+00 -8.536148907691407106e-02
-1.277084900935731460e+00 -7.938627799111652728e-02
-9.858807598918750692e-01 -7.322855799988640946e-02
-6.940827611427661248e-01 -6.689651658962045278e-02
-4.018666728917179021e-01 -6.040018671131068551e-02
-1.094085151835353653e-01 -5.375146925937137471e-02
1.831155461233473503e-01 -4.696410613332769463e-02
4.755293054725781010e-01 -4.005359782111924533e-02
7.676566237495313638e-01 -3.303706209249699516e-02
1.059321534380951890e+00 -2.593303383012898755e-02
1.350348349330672937e+00 -1.876120999136188586e-02
1.640561764927553012e+00 -1.154214779710011421e-02
1.929786967461822211e+00 -4.296927995329537404e-03
2.217849738486280309e+00 2.953202019407233890e-03
2.504576559758988186e+00 1.018718875478459400e-02
2.789794717764173093e+00 1.738452013255003398e-02
3.073332407748448070e+00 2.452554452582660083e-02
3.355018837209578830e+00 3.159174845571093015e-02
3.634684328775450446e+00 3.856598358918039010e-02
3.912160422411331329e+00 4.543263765752120903e-02
4.187279976893880651e+00 5.217774788158836136e-02
4.459877270490846257e+00 5.878905903601357175e-02
4.729788100785557781e+00 6.525603111922886890e-02
4.996849883586372165e+00 7.156980357245787405e-02
5.260901750861401105e+00 7.772312409440745862e-02
5.521784647639452537e+00 8.371025041863991434e-02
5.779341427818735610e+00 8.952683311149338408e-02
6.033416948825602866e+00 9.516978669054579343e-02
6.283858165066639856e+00 1.006371553336819630e-01
6.530514220117535018e+00 1.059279782993978042e-01
6.773236537593585460e+00 1.110421590285216586e-01
7.011878910646735186e+00 1.159803408282244763e-01
7.246297590035000624e+00 1.207437911005040526e-01
7.476351370711564748e+00 1.253342952920586395e-01
7.701901676881464098e+00 1.297540611138423838e-01
7.922812645474462734e+00 1.340056330969361387e-01
8.138951207983460279e+00 1.380918171995275667e-01
8.350187170619932431e+00 1.420156149373524579e-01
8.556393292738038170e+00 1.457801663559740168e-01
8.757445363479838818e+00 1.493887010783369607e-01
8.953222276595573348e+00 1.528444966279789985e-01
9.143606103393473461e+00 1.561508432326743079e-01
9.328482163775676739e+00 1.593110143434868786e-01
9.507739095317122135e+00 1.623282421510117146e-01
9.681268920345711848e+00 1.652056974370650078e-01
9.848967110983743112e+00 1.679464731611009232e-01
1.001073265211161889e+01 1.705535712425056138e-01
1.016646810221579855e+01 1.730298920601618939e-01
1.031607965208405453e+01 1.753782262476770437e-01
1.045947718131276183e+01 1.776012484154658455e-01
1.059657431259224580e+01 1.797015124789931029e-01
1.072728846373709111e+01 1.816814483157501992e-01
1.085154089743045169e+01 1.835433595120866124e-01
1.096925676865253152e+01 1.852894219950256272e-01
1.108036516976423869e+01 1.869216833740029171e-01
1.118479917321920603e+01 1.884420628434556877e-01
1.128249587187857550e+01 1.898523515197092781e-01
1.137339641690422631e+01 1.911542131050458226e-01
1.145744605320706633e+01 1.923491847885528960e-01
1.153459415242897101e+01 1.934386783076877114e-01
1.160479424343935584e+01 1.944239811067628443e-01
1.166800404032818328e+01 1.953062575390026312e-01
1.172418546787771199e+01 1.960865500677132778e-01
1.177330468449721756e+01 1.967657804296961688e-01
1.181533210260753286e+01 1.973447507305019777e-01
1.185024240646345639e+01 1.978241444466168342e-01
1.187801456740308659e+01 1.982045273143676345e-01
1.189863185651472399e+01 1.984863480893715171e-01
1.191208185471388425e+01 1.986699391638643286e-01
1.191835646022433970e+01 1.987555170323101750e-01
1.191745189345851585e+01 1.987446468541718136e-01
1.190936869929405972e+01 1.987129047699897899e-01
1.189411174674530791e+01 1.986528242410399436e-01
1.187169022603014845e+01 1.985641319803055638e-01
1.184211764303454117e+01 1.984464259713726864e-01
1.180541181117701477e+01 1.982991752572404454e-01
1.176159484067820493e+01 1.981217196594221852e-01
1.171069312524280193e+01 1.979132694256521274e-01
1.165273732616071634e+01 1.976729048042084880e-01
1.158776235383755449e+01 1.973995755426491694e-01
1.151580734676611328e+01 1.970921003086343326e-01
1.143691564795151017e+01 1.967491660305011325e-01
1.135113477880304522e+01 1.963693271553904607e-01
1.125851641050882535e+01 1.959510048230390933e-01
1.115911633291105254e+01 1.954924859538702264e-01
1.105299442090053219e+01 1.949919222507659478e-01
1.094021459834984178e+01 1.944473291149524941e-01
1.082084479960744972e+01 1.938565844778177283e-01
1.069495692857640634e+01 1.932174275522696993e-01
1.056262681540237836e+01 1.925274575094995111e-01
1.042393417079660445e+01 1.917841320898219792e-01
1.027896253802141047e+01 1.909847661597295909e-01
1.012779924256722985e+01 1.901265302315174877e-01
9.970535339551116039e+00 1.892064489669469662e-01
9.807265558868234478e+00 1.882213996925666544e-01
9.638088248129946578e+00 1.871681109616806782e-01
9.463105313422669695e+00 1.860431612067258156e-01
9.282422157923416961e+00 1.848429775362382677e-01
9.096147618409066382e+00 1.835638347429056072e-01
8.904393899696890102e+00 1.822018546036998643e-01
8.707276507056466386e+00 1.807530055701197791e-01
8.504914176633931788e+00 1.792131029664728870e-01
8.297428803930090524e+00 1.775778098373001490e-01
8.084945370375242746e+00 1.758426386119185114e-01
7.867591868044832459e+00 1.740029537850593944e-01
7.645499222561650043e+00 1.720539758481550996e-01
7.418801214230886565e+00 1.699907867463636979e-01
7.187634397455694213e+00 1.678083371822893799e-01
6.952138018482197701e+00 1.655014561387518623e-01
6.712453931523126194e+00 1.630648630499074991e-01
6.468726513310091519e+00 1.604931831122441421e-01
6.221102576126423145e+00 1.577809662937443291e-01
5.969731279372756383e+00 1.549227106694519851e-01
5.714764039719057998e+00 1.519128907826008124e-01
5.456354439896978548e+00 1.487459917989939207e-01
5.194658136187036312e+00 1.454165502836515522e-01
4.929832764657017030e+00 1.419192024762054583e-01
4.662037846208102465e+00 1.382487409661359856e-01
4.391434690485611192e+00 1.344001806591555714e-01
4.118186298712039672e+00 1.303688348673034680e-01
3.842457265501145081e+00 1.261504022300358463e-01
3.564413679712378880e+00 1.217410649613537149e-01
3.284223024405100499e+00 1.171375985963923477e-01
3.002054075952959700e+00 1.123374929571164110e-01
2.718076802379344681e+00 1.073390834503286095e-01
2.432462260975044810e+00 1.021416910379919357e-01
2.145382495259870126e+00 9.674576827764924669e-02
1.857010431350163859e+00 9.115304773590196530e-02
1.567519773794483928e+00 8.536668787309620310e-02
1.277084900940413936e+00 7.939141025838704346e-02
9.858807598954633100e-01 7.323362081484509345e-02
6.940827611454053470e-01 6.690150686533921642e-02
4.018666728935675336e-01 6.040510123178371299e-02
1.094085151847144222e-01 5.375630472379962221e-02
-1.831155461227466086e-01 4.696885920977243722e-02
-4.755293054724508695e-01 4.005826520834195742e-02
-7.676566237497498557e-01 3.304164058805025839e-02
-1.059321534381374663e+00 2.593752040195923189e-02
-1.350348349331161435e+00 1.876560185025569552e-02
-1.640561764927993549e+00 1.154644246541999993e-02
-1.929786967462140179e+00 4.301123369521822441e-03
-2.217849738486429523e+00 -2.949107616272945726e-03
-2.504576559758918908e+00 -1.018319653297551468e-02
-2.789794717763885323e+00 -1.738063080990359666e-02
-3.073332407748011086e+00 -2.452175831702878284e-02
-3.355018837209104543e+00 -3.158806507637940825e-02
-3.634684328775077411e+00 -3.856240227359401113e-02
-3.912160422411256722e+00 -4.542915718810223991e-02
-4.187279976894314082e+00 -5.217436662774715267e-02
-4.459877270491833912e+00 -5.878577499973156040e-02
-4.729788100787010841e+00 -6.525284198476723196e-02
-4.996849883588223129e+00 -7.156670675776294344e-02
-5.260901750863653525e+00 -7.772011680211012019e-02
-5.521784647642038912e+00 -8.370732968495542270e-02
-5.779341427821414356e+00 -8.952399585176411267e-02
-6.033416948828128845e+00 -9.516702974057900111e-02
-6.283858165068956225e+00 -1.006344754863891383e-01
-6.530514220119862046e+00 -1.059253723365488342e-01
-6.773236537596164730e+00 -1.110396237476627412e-01
-7.011878910649630647e+00 -1.159778730649967254e-01
-7.246297590038162539e+00 -1.207413877467108931e-01
-7.476351370715039302e+00 -1.253319533098929128e-01
-7.701901676885286818e+00 -1.297517775467085521e-01
-7.922812645478399141e+00 -1.340034050773198093e-01
-8.138951207987105363e+00 -1.380896419543535536e-01
-8.350187170622703547e+00 -1.420134897912238292e-01
-8.556393292739359779e+00 -1.457780887326625419e-01
-8.757445363479533285e+00 -1.493866685008488904e-01
-8.953222276594223317e+00 -1.528425067174748742e-01
-9.143606103392542650e+00 -1.561488937064825500e-01
-9.328482163776891767e+00 -1.593091030124101637e-01
-9.507739095321506184e+00 -1.623263669161066070e-01
-9.681268920353108598e+00 -1.652038562860531634e-01
-9.848967110993022800e+00 -1.679446641645311877e-01
-1.001073265212116858e+01 -1.705517925497554432e-01
-1.016646810222409059e+01 -1.730281418953503181e-01
-1.031607965209020072e+01 -1.753765029055475155e-01
-1.045947718131661297e+01 -1.775995502572794149e-01
-1.059657431259427085e+01 -1.796998379284707459e-01
-1.072728846373818534e+01 -1.816797958550934178e-01
-1.085154089743165251e+01 -1.835417276780942075e-01
-1.096925676865452104e+01 -1.852878093753176081e-01
-1.108036516976725849e+01 -1.869200886033683118e-01
-1.118479917322325612e+01 -1.884404846003256140e-01
-1.128249587188344982e+01 -1.898507885227488368e-01
-1.137339641690947722e+01 -1.911526641098650892e-01
-1.145744605321208986e+01 -1.923476485845346806e-01
-1.153459415243327690e+01 -1.934371537149288112e-01
-1.160479424344283039e+01 -1.944224669731186295e-01
-1.166800404033108940e+01 -1.953047527372247238e-01
-1.172418546788034810e+01 -1.960850534926709965e-01
-1.177330468449941314e+01 -1.967642909956765218e-01
-1.181533210260869105e+01 -1.973432673685886207e-01
-1.185024240646296612e+01 -1.978226661021371680e-01
-1.187801456740089101e+01 -1.982030529443953581e-01
-1.189863185651162603e+01 -1.984848766602706482e-01
-1.191208185471119130e+01 -1.986684696488594803e-01
-1.191835646022337336e+01 -1.987540484090815074e-01
-1.191745189346025668e+01 -1.987431781304442313e-01
-1.190936869929863562e+01 -1.987114363979238241e-01
-1.189411174675185912e+01 -1.986513565324066199e-01
-1.187169022603746704e+01 -1.985626652458999386e-01
-1.184211764304167502e+01 -1.984449605205600708e-01
-1.180541181118338123e+01 -1.982977113975043226e-01
-1.176159484068332794e+01 -1.981202576959140427e-01
-1.171069312524607753e+01 -1.979118096607468125e-01
-1.165273732616168978e+01 -1.976714475370674184e-01
-1.158776235383633946e+01 -1.973981210687915100e-01
-1.151580734676346296e+01 -1.970906489195151934e-01
-1.143691564794832694e+01 -1.967477180130966508e-01
-1.135113477879984067e+01 -1.963678827917933745e-01
-1.125851641050567054e+01 -1.959495643900686090e-01
-1.115911633290774141e+01 -1.954910497226958199e-01
-1.105299442089665973e+01 -1.949904904865464583e-01
-1.094021459834502430e+01 -1.944459020764923440e-01
-1.082084479960153800e+01 -1.938551624172417942e-01
-1.069495692856965618e+01 -1.932160107147185280e-01
-1.056262681539518056e+01 -1.925260461328449912e-01
-1.042393417078926454e+01 -1.917827264044080771e-01
-1.027896253801402793e+01 -1.909833663881407018e-01
-1.012779924255979047e+01 -1.901251365883783184e-01
-9.970535339543690867e+00 -1.892050616587564738e-01
-9.807265558861143262e+00 -1.882200189175685379e-01
-9.638088248123608537e+00 -1.871667369097728406e-01
-9.463105313417411679e+00 -1.860417940594141506e-01
-9.282422157919238970e+00 -1.848416174666392409e-01
-9.096147618405385771e+00 -1.835624819158032939e-01
-8.904393899692818692e+00 -1.822005091756668804e-01
-8.707276507051499692e+00 -1.807516676897083507e-01
-8.504914176628389555e+00 -1.792117727744790001e-01
-8.297428803924868035e+00 -1.775764874671046933e-01
-8.084945370371185547e+00 -1.758413241899155488e-01
-7.867591868042224768e+00 -1.740016474311848749e-01
-7.645499222560200536e+00 -1.720526776765294030e-01
-7.418801214230033914e+00 -1.699894968660595196e-01
-7.187634397455061830e+00 -1.678070556982351746e-01
-6.952138018481885062e+00 -1.655001831527818379e-01
-6.712453931523548967e+00 -1.630635986619684008e-01
-6.468726513311686688e+00 -1.604919274217746494e-01
-6.221102576129254658e+00 -1.577797194012419690e-01
-5.969731279376436994e+00 -1.549214726782445484e-01
-5.714764039722955324e+00 -1.519116618008355679e-01
-5.456354439900534814e+00 -1.487447719418526770e-01
-5.194658136190070330e+00 -1.454153396757963679e-01
-4.929832764659731303e+00 -1.419180012544528358e-01
-4.662037846210759895e+00 -1.382475492823512508e-01
-4.391434690488240200e+00 -1.343989986833556693e-01
-4.118186298714459070e+00 -1.303676627909432506e-01
-3.842457265503138153e+00 -1.261492402694308346e-01
-3.564413679713686278e+00 -1.217399133611689332e-01
-3.284223024405381164e+00 -1.171364576331098695e-01
-3.002054075951801515e+00 -1.123363629423662635e-01
-2.718076802376429679e+00 -1.073379647339378767e-01
-2.432462260970468915e+00 -1.021405840105742702e-01
