-1.501767746680553728e+01 -3.320196004382501842e-01
-1.299907301943687266e+01 -3.186065007173696229e-01
-1.097263841654769756e+01 -3.025054026355736281e-01
-8.939594306570288751e+00 -2.829200289418002390e-01
-6.901165319256486796e+00 -2.587691063575549011e-01
-4.858579328006599418e+00 -2.286139973016171334e-01
-2.813066710244403357e+00 -1.906864922321735156e-01
-7.658596062837497165e-01 -1.433361930501282078e-01
1.281808822866427056e+00 -8.653042488591962400e-02
3.328705138311910616e+00 -2.416334375039848326e-02
5.373596366250652068e+00 3.650441699765574061e-02
7.415250740670213503e+00 8.983242135203399481e-02
9.452438445317751459e+00 1.343349890332708740e-01
1.148393235449540839e+01 1.709674888750185029e-01
1.350850877223470725e+01 2.012671488061006653e-01
1.552494816940506794e+01 2.266150497117947193e-01
1.753203591831279340e+01 2.480900962807575105e-01
1.952856302434794245e+01 2.665023060685436374e-01
2.151332685423728464e+01 2.824567283893604785e-01
2.348513186046521284e+01 2.964090934920309839e-01
2.544279030142693543e+01 3.087073487136127170e-01
2.738512295687954179e+01 3.196212382699756271e-01
2.931095983826007512e+01 3.293631235781985800e-01
3.121914089344253895e+01 3.381026763126118717e-01
3.310851670550897552e+01 3.459773403741178144e-01
3.497794918511631579e+01 3.530998695052834369e-01
3.682631225604060177e+01 3.595638291799792552e-01
3.865249253348340375e+01 3.654476669831592250e-01
4.045538999473291142e+01 3.708177647612405092e-01
4.223391864177528987e+01 3.757307577396199472e-01
4.398700715545837170e+01 3.802353194410473813e-01
4.571359954081334820e+01 3.843735525403492725e-01
4.741265576314729202e+01 3.881820855204936027e-01
4.908315237452251978e+01 3.916929470899592758e-01
5.072408313024346427e+01 3.949342707865660662e-01
5.233445959498175171e+01 3.979308683771186628e-01
5.391331173817288658e+01 4.007047007914834591e-01
5.545968851832481761e+01 4.032752682066519379e-01
5.697265845588805178e+01 4.056599357052170229e-01
5.845131019434395370e+01 4.078742071127452462e-01
5.989475304917228726e+01 4.099319567807747089e-01
6.130211754436832194e+01 4.118456269543590009e-01
6.267255593618542520e+01 4.136263967529840713e-01
6.400524272378162038e+01 4.152843275644172993e-01
6.529937514646883301e+01 4.168284887043524622e-01
6.655417366726685202e+01 4.182670664593517995e-01
6.776888244246752890e+01 4.196074590546605143e-01
6.894276977692653929e+01 4.208563596337623891e-01
7.007512856480929031e+01 4.220198289747137954e-01
7.116527671552606193e+01 4.231033593781858837e-01
7.221255756459554220e+01 4.241119309278249538e-01
7.321634026919221583e+01 4.250500611329586231e-01
7.417602018814586984e+01 4.259218488075928177e-01
7.509101924615764290e+01 4.267310129109709305e-01
7.596078628201067318e+01 4.274809269682406376e-01
7.678479738056607573e+01 4.281746496007063363e-01
7.756255618834848065e+01 4.288149516203826339e-01
7.829359421253185758e+01 4.294043400804427590e-01
7.897747110314435304e+01 4.299450796195826707e-01
7.961377491831903797e+01 4.304392113926090446e-01
8.020212237243239883e+01 4.308885698403448483e-01
8.074215906698022138e+01 4.312947975181239402e-01
8.123355970405296489e+01 4.316593581728286333e-01
8.167602828228201872e+01 4.319835482328510667e-01
8.206929827513980058e+01 4.322685068529436014e-01
8.241313279148575077e+01 4.325152246361333996e-01
8.270732471826202925e+01 4.327245511372950215e-01
8.295169684525170339e+01 4.328972012372343525e-01
8.314610197182274476e+01 4.330337604619267089e-01
8.329042299559715445e+01 4.331346893086068794e-01
8.338457298298918374e+01 4.332003266284774057e-01
8.342849522157047204e+01 4.332308921046966743e-01
8.342216325422985790e+01 4.332272340607721817e-01
8.336558089510701564e+01 4.332278424115298954e-01
8.325878222729589595e+01 4.332287184028411064e-01
8.310183158231514255e+01 4.332293615161395550e-01
8.289482350136066202e+01 4.332290416460884419e-01
8.263788267836011414e+01 4.332268056103670273e-01
8.233116388485954928e+01 4.332214854835709783e-01
8.197485187679356500e+01 4.332117085485503449e-01
8.156916128319444681e+01 4.331959086167410655e-01
8.111433647690515159e+01 4.331723384322794801e-01
8.061065142737911060e+01 4.331390828435341955e-01
8.005840953565609652e+01 4.330940724005613029e-01
7.945794345160460637e+01 4.330350970180848469e-01
7.880961487354352357e+01 4.329598193309213139e-01
7.811381433036677890e+01 4.328657873620161411e-01
7.737096094630402376e+01 4.327504461219572329e-01
7.658150218845689494e+01 4.326111477621875645e-01
7.574591359726095163e+01 4.324451599111520661e-01
7.486469850003757642e+01 4.322496718320115727e-01
7.393838770780864422e+01 4.320217980508274103e-01
7.296753919555614232e+01 4.317585791135094553e-01
7.195273776612027916e+01 4.314569791363312423e-01
7.089459469793743551e+01 4.311138798161964769e-01
6.979374737682702801e+01 4.307260705605649442e-01
6.865085891205256985e+01 4.302902343801556784e-01
6.746661773689027086e+01 4.298029291570036881e-01
6.624173719394183024e+01 4.292605638523813161e-01
6.497695510544501474e+01 4.286593691490950819e-01
6.367303332883844291e+01 4.279953619253884511e-01
6.233075729784545160e+01 4.272643028265609155e-01
6.095093554935726843e+01 4.264616460272250276e-01
5.953439923640006981e+01 4.255824800513280937e-01
5.808200162747989737e+01 4.246214582250382175e-01
5.659461759260605618e+01 4.235727169614367793e-01
5.507314307630104366e+01 4.224297795919785270e-01
5.351849455791861487e+01 4.211854428362372116e-01
5.193160849959397041e+01 4.198316421960064937e-01
5.031344078215369819e+01 4.183592915148255376e-01
4.866496612932768784e+01 4.167580905811643643e-01
4.698717752061139663e+01 4.150162928656459527e-01
4.528108559312940429e+01 4.131204231222414536e-01
4.354771803286307374e+01 4.110549314458984416e-01
4.178811895561093337e+01 4.088017661793260094e-01
4.000334827805556159e+01 4.063398423988580643e-01
3.819448107931356873e+01 4.036443750157132637e-01
3.636260695334780024e+01 4.006860349932337417e-01
3.450882935263505402e+01 3.974298726321324748e-01
3.263426492348651209e+01 3.938339316071434171e-01
3.074004283342158672e+01 3.898474489314660563e-01
2.882730409099927371e+01 3.854084955206523166e-01
2.689720085851671882e+01 3.804408538452993538e-01
2.495089575799003256e+01 3.748498446269528661e-01
2.298956117083427486e+01 3.685166902898696084e-01
2.101437853166463654e+01 3.612908183545960883e-01
1.902653761664486964e+01 3.529792318566102871e-01
1.702723582681106507e+01 3.433316607440860535e-01
1.501767746680271465e+01 3.320196004382333643e-01
1.299907301943462201e+01 3.186065007173536356e-01
1.097263841654613081e+01 3.025054026355602499e-01
8.939594306568952931e+00 2.829200289417864167e-01
6.901165319254626951e+00 2.587691063575310313e-01
4.858579328003792774e+00 2.286139973015714477e-01
2.813066710240878177e+00 1.906864922321007683e-01
7.658596062802867088e-01 1.433361930500394454e-01
-1.281808822868907960e+00 8.653042488584535008e-02
-3.328705138312807676e+00 2.416334375036986379e-02
-5.373596366249899781e+00 -3.650441699763534720e-02
-7.415250740668186680e+00 -8.983242135198596379e-02
-9.452438445314946591e+00 -1.343349890332156404e-01
-1.148393235449226246e+01 -1.709674888749672661e-01
-1.350850877223172297e+01 -2.012671488060600866e-01
-1.552494816940297895e+01 -2.266150497117706553e-01
-1.753203591831253050e+01 -2.480900962807549848e-01
-1.952856302435000657e+01 -2.665023060685614009e-01
-2.151332685424164737e+01 -2.824567283893933967e-01
-2.348513186047143009e+01 -2.964090934920724507e-01
-2.544279030143365006e+01 -3.087073487136526295e-01
-2.738512295688503784e+01 -3.196212382700049370e-01
-2.931095983826318374e+01 -3.293631235782136235e-01
-3.121914089344311094e+01 -3.381026763126144807e-01
-3.310851670550847814e+01 -3.459773403741158715e-01
-3.497794918511745976e+01 -3.530998695052876557e-01
-3.682631225604607295e+01 -3.595638291799976849e-01
-3.865249253349422531e+01 -3.654476669831928093e-01
-4.045538999474753439e+01 -3.708177647612824757e-01
-4.223391864179036048e+01 -3.757307577396602483e-01
-4.398700715547043671e+01 -3.802353194410775239e-01
-4.571359954082070942e+01 -3.843735525403664255e-01
-4.741265576315019814e+01 -3.881820855205000420e-01
-4.908315237452224977e+01 -3.916929470899588317e-01
-5.072408313024187265e+01 -3.949342707865631796e-01
-5.233445959498065747e+01 -3.979308683771167754e-01
-5.391331173817228972e+01 -4.007047007914825154e-01
-5.545968851832238045e+01 -4.032752682066480521e-01
-5.697265845588029265e+01 -4.056599357052052546e-01
-5.845131019432823649e+01 -4.078742071127224311e-01
-5.989475304914846276e+01 -4.099319567807416242e-01
-6.130211754433927496e+01 -4.118456269543205872e-01
-6.267255593615523424e+01 -4.136263967529457686e-01
-6.400524272375227497e+01 -4.152843275643816057e-01
-6.529937514643988550e+01 -4.168284887043187670e-01
-6.655417366723790451e+01 -4.182670664593192700e-01
-6.776888244244162252e+01 -4.196074590546324812e-01
-6.894276977691052366e+01 -4.208563596337457358e-01
-7.007512856481028507e+01 -4.220198289747147946e-01
-7.116527671554804613e+01 -4.231033593782073665e-01
-7.221255756463931164e+01 -4.241119309278665317e-01
-7.321634026925707417e+01 -4.250500611330183531e-01
-7.417602018822873333e+01 -4.259218488076670917e-01
-7.509101924625204560e+01 -4.267310129110534755e-01
-7.596078628210825912e+01 -4.274809269683237933e-01
-7.678479738065924209e+01 -4.281746496007839964e-01
-7.756255618843273680e+01 -4.288149516204514677e-01
-7.829359421260710405e+01 -4.294043400805030442e-01
-7.897747110321384412e+01 -4.299450796196372382e-01
-7.961377491838867115e+01 -4.304392113926628349e-01
-8.020212237250780163e+01 -4.308885698404020803e-01
-8.074215906706388068e+01 -4.312947975181866123e-01
-8.123355970414313276e+01 -4.316593581728953577e-01
-8.167602828237387769e+01 -4.319835482329181797e-01
-8.206929827522753840e+01 -4.322685068530069952e-01
-8.241313279156403837e+01 -4.325152246361895769e-01
-8.270732471832648969e+01 -4.327245511373409848e-01
-8.295169684529930976e+01 -4.328972012372681033e-01
-8.314610197185388074e+01 -4.330337604619488023e-01
-8.329042299561585594e+01 -4.331346893086202021e-01
-8.338457298300056664e+01 -4.332003266284856213e-01
-8.342849522157663955e+01 -4.332308921047011707e-01
-8.342216325422667467e+01 -4.332272340607711825e-01
-8.336558089508686464e+01 -4.332278424115291737e-01
-8.325878222725312128e+01 -4.332287184028404403e-01
-8.310183158225052580e+01 -4.332293615161387779e-01
-8.289482350128102439e+01 -4.332290416460871096e-01
-8.263788267827406742e+01 -4.332268056103649734e-01
-8.233116388477473890e+01 -4.332214854835682027e-01
-8.197485187671483686e+01 -4.332117085485468477e-01
-8.156916128312397518e+01 -4.331959086167370132e-01
-8.111433647684482651e+01 -4.331723384322749837e-01
-8.061065142733150424e+01 -4.331390828435299212e-01
-8.005840953562257312e+01 -4.330940724005573617e-01
-7.945794345158451222e+01 -4.330350970180818493e-01
-7.880961487353437178e+01 -4.329598193309193155e-01
-7.811381433036522992e+01 -4.328657873620150864e-01
-7.737096094630655330e+01 -4.327504461219568443e-01
-7.658150218845878499e+01 -4.326111477621871759e-01
-7.574591359725721418e+01 -4.324451599111505673e-01
-7.486469850002549720e+01 -4.322496718320080200e-01
-7.393838770778855007e+01 -4.320217980508215816e-01
-7.296753919553081857e+01 -4.317585791135017392e-01
-7.195273776609252536e+01 -4.314569791363219164e-01
-7.089459469790739377e+01 -4.311138798161857077e-01
-6.979374737679384566e+01 -4.307260705605521767e-01
-6.865085891201820800e+01 -4.302902343801414675e-01
-6.746661773685963226e+01 -4.298029291569900323e-01
-6.624173719392193505e+01 -4.292605638523716016e-01
-6.497695510544268416e+01 -4.286593691490934166e-01
-6.367303332885779810e+01 -4.279953619253981101e-01
-6.233075729788693309e+01 -4.272643028265837861e-01
-6.095093554941765035e+01 -4.264616460272608878e-01
-5.953439923647218990e+01 -4.255824800513740569e-01
-5.808200162755365881e+01 -4.246214582250883440e-01
-5.659461759267245640e+01 -4.235727169614850185e-01
-5.507314307635729733e+01 -4.224297795920219367e-01
-5.351849455797010080e+01 -4.211854428362794556e-01
-5.193160849964888115e+01 -4.198316421960545664e-01
-5.031344078221756178e+01 -4.183592915148852120e-01
-4.866496612940125033e+01 -4.167580905812379166e-01
-4.698717752068841946e+01 -4.150162928657286088e-01
-4.528108559319861826e+01 -4.131204231223211676e-01
-4.354771803291426124e+01 -4.110549314459618353e-01
-4.178811895563963219e+01 -4.088017661793643120e-01
-4.000334827806354809e+01 -4.063398423988695551e-01
-3.819448107930630698e+01 -4.036443750157019394e-01
-3.636260695333236015e+01 -4.006860349932074850e-01
-3.450882935261742546e+01 -3.974298726320998343e-01
-3.263426492347026908e+01 -3.938339316071104990e-01
-3.074004283340795851e+01 -3.898474489314356362e-01
-2.882730409098753555e+01 -3.854084955206233953e-01
-2.689720085850525422e+01 -3.804408538452680455e-01
-2.495089575797707937e+01 -3.748498446269133422e-01
-2.298956117081761263e+01 -3.685166902898125429e-01
-2.101437853164240366e+01 -3.612908183545094354e-01
-1.902653761661676768e+01 -3.529792318564844988e-01
-1.702723582677895919e+01 -3.433316607439189649e-01
-1.501767746676994975e+01 -3.320196004380330801e-01
-1.299907301940443105e+01 -3.186065007171342001e-01
-1.097263841652083194e+01 -3.025054026353386494e-01
-8.939594306550119995e+00 -2.829200289415847447e-01
-6.901165319243125040e+00 -2.587691063573781536e-01
-4.858579327999362540e+00 -2.286139973014974236e-01
-2.813066710242025259e+00 -1.906864922321245825e-01
-7.658596062847475849e-01 -1.433361930501547976e-01
1.281808822863431452e+00 -8.653042488601021820e-02
3.328705138308046596e+00 -2.416334375052053146e-02
5.373596366246719214e+00 3.650441699754188724e-02
7.415250740666663454e+00 8.983242135194650924e-02
9.452438445314710336e+00 1.343349890332087293e-01
1.148393235449287175e+01 1.709674888749754817e-01
1.350850877223275504e+01 2.012671488060727709e-01
1.552494816940396305e+01 2.266150497117808971e-01
1.753203591831291774e+01 2.480900962807578713e-01
1.952856302434921076e+01 2.665023060685537959e-01
2.151332685423913560e+01 2.824567283893738567e-01
2.348513186046705314e+01 2.964090934920428078e-01
2.544279030142815401e+01 3.087073487136195449e-01
2.738512295687931797e+01 3.196212382699740728e-01
2.931095983825716544e+01 3.293631235781843691e-01
3.121914089343592380e+01 3.381026763125827839e-01
3.310851670549890713e+01 3.459773403740775133e-01
3.497794918510460604e+01 3.530998695052404712e-01
3.682631225602980862e+01 3.595638291799428399e-01
3.865249253347617042e+01 3.654476669831366320e-01
4.045538999473114927e+01 3.708177647612352357e-01
4.223391864177921917e+01 3.757307577396302167e-01
4.398700715546647899e+01 3.802353194410674209e-01
4.571359954082274157e+01 3.843735525403709219e-01
4.741265576315510089e+01 3.881820855205104226e-01
4.908315237452714541e+01 3.916929470899685461e-01
5.072408313024500615e+01 3.949342707865689528e-01
5.233445959498095590e+01 3.979308683771171085e-01
5.391331173817025046e+01 4.007047007914788517e-01
5.545968851832123647e+01 4.032752682066461092e-01
5.697265845588422195e+01 4.056599357052110832e-01
5.845131019433952702e+01 4.078742071127387514e-01
5.989475304916626897e+01 4.099319567807662712e-01
6.130211754435887173e+01 4.118456269543463999e-01
6.267255593616901166e+01 4.136263967529630881e-01
6.400524272375432133e+01 4.152843275643839371e-01
6.529937514642973895e+01 4.168284887043067766e-01
6.655417366721985672e+01 4.182670664592988419e-01
6.776888244241997938e+01 4.196074590546089444e-01
6.894276977688619468e+01 4.208563596337202006e-01
7.007512856478133756e+01 4.220198289746855402e-01
7.116527671551058631e+01 4.231033593781707292e-01
7.221255756458837993e+01 4.241119309278181815e-01
7.321634026918933102e+01 4.250500611329559031e-01
7.417602018814571352e+01 4.259218488075925957e-01
7.509101924615963242e+01 4.267310129109726513e-01
7.596078628201316008e+01 4.274809269682426915e-01
7.678479738056772419e+01 4.281746496007076130e-01
7.756255618834967436e+01 4.288149516203835776e-01
7.829359421253444395e+01 4.294043400804448685e-01
7.897747110315002317e+01 4.299450796195870561e-01
7.961377491832958242e+01 4.304392113926171493e-01
8.020212237244946607e+01 4.308885698403577824e-01
8.074215906700280243e+01 4.312947975181408156e-01
8.123355970407548909e+01 4.316593581728453421e-01
8.167602828229728118e+01 4.319835482328622245e-01
8.206929827514397857e+01 4.322685068529466546e-01
8.241313279148052118e+01 4.325152246361296804e-01
8.270732471825273535e+01 4.327245511372884712e-01
8.295169684524420006e+01 4.328972012372290790e-01
8.314610197182160789e+01 4.330337604619259317e-01
8.329042299560306617e+01 4.331346893086109873e-01
8.338457298299718445e+01 4.332003266284830678e-01
8.342849522157037256e+01 4.332308921046966188e-01
8.342216325420960743e+01 4.332272340607604688e-01
8.336558089505841451e+01 4.332278424115184046e-01
8.325878222721715360e+01 4.332287184028297267e-01
8.310183158221103383e+01 4.332293615161279532e-01
8.289482350124178822e+01 4.332290416460761184e-01
8.263788267823910871e+01 4.332268056103539267e-01
8.233116388474743985e+01 4.332214854835571005e-01
8.197485187669961704e+01 4.332117085485360231e-01
8.156916128312501257e+01 4.331959086167269657e-01
8.111433647686288850e+01 4.331723384322661574e-01
8.061065142736279654e+01 4.331390828435225382e-01
8.005840953566057294e+01 4.330940724005514220e-01
7.945794345162131833e+01 4.330350970180766867e-01
7.880961487356177031e+01 4.329598193309139864e-01
7.811381433037736599e+01 4.328657873620083696e-01
7.737096094630372534e+01 4.327504461219482401e-01
7.658150218844889423e+01 4.326111477621774615e-01
7.574591359725215511e+01 4.324451599111419076e-01
7.486469850003484794e+01 4.322496718320030240e-01
7.393838770781664493e+01 4.320217980508219147e-01
7.296753919557623647e+01 4.317585791135079565e-01
7.195273776614988037e+01 4.314569791363335183e-01
7.089459469797060365e+01 4.311138798162011398e-01
6.979374737685780872e+01 4.307260705605700513e-01
6.865085891207763780e+01 4.302902343801597862e-01
6.746661773690962605e+01 4.298029291570064081e-01
6.624173719395868432e+01 4.292605638523838141e-01
6.497695510546391517e+01 4.286593691490995228e-01
6.367303332886346823e+01 4.279953619253970554e-01
6.233075729787822894e+01 4.272643028265750709e-01
6.095093554939526825e+01 4.264616460272439014e-01
5.953439923643752252e+01 4.255824800513485218e-01
5.808200162751063544e+01 4.246214582250559255e-01
5.659461759262669744e+01 4.235727169614487697e-01
5.507314307631382633e+01 4.224297795919855214e-01
5.351849455793154675e+01 4.211854428362450942e-01
5.193160849961620329e+01 4.198316421960234801e-01
5.031344078218985771e+01 4.183592915148571234e-01
4.866496612937538657e+01 4.167580905812100500e-01
4.698717752066188069e+01 4.150162928656982997e-01
4.528108559317064419e+01 4.131204231222873613e-01
4.354771803288495846e+01 4.110549314459242543e-01
4.178811895560929202e+01 4.088017661793226787e-01
4.000334827803340687e+01 4.063398423988251462e-01
3.819448107927885161e+01 4.036443750156582522e-01
3.636260695330925330e+01 4.006860349931676279e-01
3.450882935259912188e+01 3.974298726320654174e-01
3.263426492345671903e+01 3.938339316070824658e-01
3.074004283339927923e+01 3.898474489314156521e-01
2.882730409098427771e+01 3.854084955206146246e-01
2.689720085850801468e+01 3.804408538452748734e-01
2.495089575798665038e+01 3.748498446269418194e-01
2.298956117083570305e+01 3.685166902898738828e-01
2.101437853167071879e+01 3.612908183546191809e-01
1.902653761665541410e+01 3.529792318566570830e-01
1.702723582682531500e+01 3.433316607441597723e-01
1.501767746681909088e+01 3.320196004383331179e-01
1.299907301945114746e+01 3.186065007174735397e-01
1.097263841656138794e+01 3.025054026356935877e-01
8.939594306582897332e+00 2.829200289419349645e-01
6.901165319268242726e+00 2.587691063577101658e-01
4.858579328017837540e+00 2.286139973018029292e-01
2.813066710254972680e+00 1.906864922323931455e-01
7.658596062930009829e-01 1.433361930503655179e-01
-1.281808822859226371e+00 8.653042488613368888e-02
-3.328705138307156197e+00 2.416334375054701028e-02
-5.373596366248248657e+00 -3.650441699758591452e-02
-7.415250740669622864e+00 -8.983242135201831291e-02
-9.452438445318129823e+00 -1.343349890332772578e-01
-1.148393235449595551e+01 -1.709674888750266075e-01
-1.350850877223498081e+01 -2.012671488061037184e-01
-1.552494816940500755e+01 -2.266150497117934426e-01
-1.753203591831243102e+01 -2.480900962807534582e-01
-1.952856302434719638e+01 -2.665023060685368095e-01
-2.151332685423607671e+01 -2.824567283893510972e-01
-2.348513186046373136e+01 -2.964090934920209364e-01
-2.544279030142554276e+01 -3.087073487136042238e-01
-2.738512295687879572e+01 -3.196212382699714083e-01
-2.931095983826019946e+01 -3.293631235781990241e-01
-3.121914089344283738e+01 -3.381026763126130374e-01
-3.310851670550907500e+01 -3.459773403741180919e-01
-3.497794918511755924e+01 -3.530998695052878777e-01
-3.682631225604557557e+01 -3.595638291799958530e-01
-3.865249253349427505e+01 -3.654476669831928093e-01
-4.045538999474990050e+01 -3.708177647612891925e-01
-4.223391864179690458e+01 -3.757307577396775122e-01
-4.398700715548269358e+01 -3.802353194411077220e-01
-4.571359954083903432e+01 -3.843735525404087250e-01
-4.741265576317315578e+01 -3.881820855205496135e-01
-4.908315237454741720e+01 -3.916929470900099020e-01
-5.072408313026713955e+01 -3.949342707866114188e-01
-5.233445959500527778e+01 -3.979308683771612398e-01
-5.391331173819700950e+01 -4.007047007915246484e-01
-5.545968851834879132e+01 -4.032752682066907957e-01
-5.697265845590973754e+01 -4.056599357052503851e-01
-5.845131019435892483e+01 -4.078742071127672286e-01
-5.989475304917552023e+01 -4.099319567807793163e-01
-6.130211754435673299e+01 -4.118456269543437909e-01
-6.267255593615956144e+01 -4.136263967529513197e-01
-6.400524272374779855e+01 -4.152843275643762211e-01
-6.529937514643823704e+01 -4.168284887043167686e-01
-6.655417366725053796e+01 -4.182670664593334808e-01
-6.776888244247176374e+01 -4.196074590546651217e-01
-6.894276977695116670e+01 -4.208563596337881463e-01
-7.007512856484818542e+01 -4.220198289747530973e-01
-7.116527671556863766e+01 -4.231033593782275726e-01
-7.221255756463141040e+01 -4.241119309278589822e-01
-7.321634026921628902e+01 -4.250500611329807721e-01
-7.417602018815989595e+01 -4.259218488076053633e-01
-7.509101924616729207e+01 -4.267310129109793682e-01
-7.596078628202157290e+01 -4.274809269682499635e-01
-7.678479738058165083e+01 -4.281746496007192704e-01
-7.756255618837080590e+01 -4.288149516204009526e-01
-7.829359421256279461e+01 -4.294043400804675725e-01
-7.897747110318414343e+01 -4.299450796196139235e-01
-7.961377491836634590e+01 -4.304392113926455710e-01
-8.020212237248462372e+01 -4.308885698403843723e-01
-8.074215906703294365e+01 -4.312947975181633531e-01
-8.123355970409981808e+01 -4.316593581728632167e-01
-8.167602828231763112e+01 -4.319835482328771015e-01
-8.206929827516243847e+01 -4.322685068529599772e-01
-8.241313279149589732e+01 -4.325152246361407826e-01
-8.270732471826083554e+01 -4.327245511372942999e-01
-8.295169684524076104e+01 -4.328972012372268030e-01
-8.314610197180623175e+01 -4.330337604619152736e-01
-8.329042299558138041e+01 -4.331346893085959993e-01
-8.338457298297834086e+01 -4.332003266284700227e-01
-8.342849522156360820e+01 -4.332308921046920114e-01
-8.342216325422180034e+01 -4.332272340607667971e-01
-8.336558089509044578e+01 -4.332278424115246218e-01
-8.325878222726301203e+01 -4.332287184028358884e-01
-8.310183158226226396e+01 -4.332293615161342815e-01
-8.289482350129172517e+01 -4.332290416460827798e-01
-8.263788267828367395e+01 -4.332268056103608100e-01
-8.233116388478329384e+01 -4.332214854835640949e-01
-8.197485187672253915e+01 -4.332117085485429064e-01
-8.156916128313183378e+01 -4.331959086167332384e-01
-8.111433647685437620e+01 -4.331723384322715420e-01
-8.061065142734423716e+01 -4.331390828435269236e-01
-8.005840953563829032e+01 -4.330940724005549192e-01
-7.945794345159887939e+01 -4.330350970180796288e-01
-7.880961487353968664e+01 -4.329598193309164844e-01
-7.811381433035418809e+01 -4.328657873620101459e-01
-7.737096094627662524e+01 -4.327504461219485732e-01
-7.658150218841517187e+01 -4.326111477621758516e-01
-7.574591359721077310e+01 -4.324451599111377997e-01
-7.486469849998759685e+01 -4.322496718319962516e-01
-7.393838770776626745e+01 -4.320217980508129774e-01
-7.296753919552485002e+01 -4.317585791134973539e-01
-7.195273776609819549e+01 -4.314569791363211948e-01
-7.089459469791853508e+01 -4.311138798161870955e-01
-6.979374737680583962e+01 -4.307260705605543971e-01
-6.865085891202799928e+01 -4.302902343801432994e-01
-6.746661773686525976e+01 -4.298029291569904764e-01
-6.624173719392187820e+01 -4.292605638523697698e-01
-6.497695510543466924e+01 -4.286593691490877545e-01
-6.367303332883770395e+01 -4.279953619253860087e-01
-6.233075729784972907e+01 -4.272643028265614706e-01
-6.095093554936049429e+01 -4.264616460272252496e-01
-5.953439923639872688e+01 -4.255824800513257067e-01
-5.808200162747407802e+01 -4.246214582250328329e-01
-5.659461759259829705e+01 -4.235727169614297849e-01
-5.507314307629557248e+01 -4.224297795919728649e-01
-5.351849455792140020e+01 -4.211854428362381553e-01
-5.193160849961023473e+01 -4.198316421960194833e-01
-5.031344078218543103e+01 -4.183592915148542368e-01
-4.866496612937319810e+01 -4.167580905812089953e-01
-4.698717752066484366e+01 -4.150162928657024630e-01
-4.528108559318180681e+01 -4.131204231223010725e-01
-4.354771803290478260e+01 -4.110549314459494563e-01
-4.178811895563505630e+01 -4.088017661793576507e-01
-4.000334827806068461e+01 -4.063398423988650032e-01
-3.819448107930374192e+01 -4.036443750156976096e-01
-3.636260695333049142e+01 -4.006860349932040433e-01
-3.450882935261812179e+01 -3.974298726321008335e-01
-3.263426492347532104e+01 -3.938339316071203244e-01
-3.074004283341768229e+01 -3.898474489314568414e-01
-2.882730409100121349e+01 -3.854084955206565355e-01
-2.689720085852196618e+01 -3.804408538453132871e-01
-2.495089575799580217e+01 -3.748498446269701856e-01
-2.298956117083766770e+01 -3.685166902898813213e-01
-2.101437853166261149e+01 -3.612908183545883722e-01
-1.902653761663500731e+01 -3.529792318565663778e-01
-1.702723582679328374e+01 -3.433316607439937385e-01
