-1.072691247628966948e+01 -2.988623862502484130e-01
-9.285052156740622564e+00 -2.851426229858397554e-01
-7.837598868962640353e+00 -2.691969207664040575e-01
-6.385424504693063774e+00 -2.505450461534907691e-01
-4.929403799468918379e+00 -2.286075115996777374e-01
-3.470413805718999711e+00 -2.027232324023656440e-01
-2.009333364460287985e+00 -1.722341980397688321e-01
-5.470425759169640356e-01 -1.367104776782856468e-01
9.155777306188763731e-01 -9.637770291029601477e-02
2.377646527365650631e+00 -5.260619348564438136e-02
3.838283118750465572e+00 -7.917460030008562771e-03
5.296607671907294979e+00 3.490749692178015534e-02
6.751741746655536502e+00 7.394021722676857866e-02
8.202808824639577168e+00 1.084463156478335244e-01
9.648934837310505941e+00 1.385293041605764885e-01
1.108924869243219291e+01 1.646711584876395795e-01
1.252288279879485167e+01 1.874451684765872372e-01
1.394897358881996041e+01 2.073883500026565962e-01
1.536666203874091607e+01 2.249608010810273673e-01
1.677509418604658009e+01 2.405423159340223382e-01
1.817342164387638093e+01 2.544419577670947730e-01
1.956080211205681607e+01 2.669104612007807686e-01
2.093639988447148070e+01 2.781517829339001935e-01
2.229938635245895640e+01 2.883327637121569365e-01
2.364894050393498404e+01 2.975908538676597659e-01
2.498424941794022658e+01 3.060401699934779396e-01
2.630450875431471403e+01 3.137762079647947733e-01
2.760892323820243277e+01 3.208795066866284573e-01
2.889670713909493927e+01 3.274185034930796045e-01
3.016708474412520857e+01 3.334517698312267631e-01
3.141929082532740836e+01 3.390297718893881540e-01
3.265257110058095691e+01 3.441962660971589760e-01
3.386618268796235043e+01 3.489894127904504262e-01
3.505939455323036924e+01 3.534426711963490897e-01
3.623148795017390000e+01 3.575855237562026168e-01
3.738175685355839306e+01 3.614440664441588291e-01
3.850950838440920165e+01 3.650414931995732970e-01
3.961406322737487073e+01 3.683984961552644322e-01
4.069475603992003698e+01 3.715335984728363461e-01
4.175093585310282407e+01 3.744634328936450873e-01
4.278196646369448786e+01 3.772029762855537705e-01
4.378722681740594425e+01 3.797657482939927887e-01
4.476611138298959247e+01 3.821639805297890602e-01
4.571803051698687170e+01 3.844087614258392960e-01
4.664241081890630625e+01 3.865101608804824562e-01
4.753869547661918205e+01 3.884773380101582685e-01
4.840634460176252674e+01 3.903186347071040951e-01
4.924483555494752807e+01 3.920416572011810596e-01
5.005366326057806248e+01 3.936533474293339996e-01
5.083234051109003815e+01 3.951600456994787125e-01
5.158039826042539033e+01 3.965675458807267906e-01
5.229738590656587149e+01 3.978811441457039133e-01
5.298287156296133560e+01 3.991056821230996032e-01
5.363644231868403267e+01 4.002455851815883148e-01
5.425770448715048389e+01 4.013048964537548335e-01
5.484628384326148876e+01 4.022873071157730962e-01
5.540182584882033723e+01 4.031961833615036461e-01
5.592399586609418094e+01 4.040345904453722659e-01
5.641247935938882563e+01 4.048053141144655753e-01
5.686698208451360159e+01 4.055108797048256331e-01
5.728723026602314405e+01 4.061535691383883484e-01
5.767297076212872753e+01 4.067354360241602906e-01
5.802397121718068718e+01 4.072583190390525187e-01
5.834002020163001134e+01 4.077238537394726192e-01
5.862092733938557387e+01 4.081334829336509262e-01
5.886652342248981995e+01 4.084884657261911856e-01
5.907666051304430965e+01 4.087898853300286350e-01
5.925121203232264833e+01 4.090386557264792389e-01
5.939007283701624829e+01 4.092355272410383993e-01
5.949315928256939401e+01 4.093810910907813017e-01
5.956040927356369963e+01 4.094757829483676170e-01
5.959178230112176777e+01 4.095198855575860608e-01
5.958725946730703527e+01 4.095147009756293643e-01
5.954684349650500508e+01 4.095206221185253570e-01
5.947055873378278079e+01 4.095315063159994384e-01
5.935845113022509878e+01 4.095468099762607506e-01
5.921058821525761573e+01 4.095657378129685111e-01
5.902705905597151315e+01 4.095872473137335268e-01
5.880797420347110460e+01 4.096100544879349159e-01
5.855346562628112395e+01 4.096326407716605611e-01
5.826368663085317934e+01 4.096532609403750191e-01
5.793881176921797049e+01 4.096699518541769280e-01
5.757903673384221577e+01 4.096805418364198315e-01
5.718457823975435161e+01 4.096826604641664593e-01
5.675567389400328722e+01 4.096737485284906999e-01
5.629258205253108827e+01 4.096510679040273328e-01
5.579558166454769719e+01 4.096117110502768832e-01
5.526497210450287412e+01 4.095526098518035840e-01
5.470107299175492699e+01 4.094705434902704000e-01
5.410422399804353688e+01 4.093621450277678542e-01
5.347478464288398925e+01 4.092239063674724675e-01
5.281313407700616835e+01 4.090521812435107263e-01
5.211967085396867105e+01 4.088431858759810633e-01
5.139481269008591369e+01 4.085929969081463775e-01
5.063899621281245089e+01 4.082975462193320637e-01
4.985267669773358534e+01 4.079526121772045211e-01
4.903632779432327027e+01 4.075538068546418202e-01
4.819044124063591283e+01 4.070965586866679975e-01
4.731552656710130123e+01 4.065760899786707849e-01
4.641211078960358805e+01 4.059873885944420557e-01
4.548073809202746531e+01 4.053251730466863600e-01
4.452196949846103990e+01 4.045838500776652302e-01
4.353638253525518564e+01 4.037574636463130417e-01
4.252457088314290701e+01 4.028396340214304705e-01
4.148714401962849507e+01 4.018234854070436568e-01
4.042472685186147174e+01 4.007015601813755934e-01
3.933795934021502916e+01 3.994657173967841590e-01
3.822749611279901671e+01 3.981070126410941601e-01
3.709400607113855131e+01 3.966155556707552376e-01
3.593817198725264461e+01 3.949803413540763919e-01
3.476069009237691887e+01 3.931890483573582951e-01
3.356226965757957004e+01 3.912277986010841424e-01
3.234363256652100915e+01 3.890808687190192017e-01
3.110551288061648378e+01 3.867303424527265832e-01
2.984865639686495342e+01 3.841556899507951317e-01
2.857382019861111644e+01 3.813332561052107383e-01
2.728177219950968890e+01 3.782356350619888730e-01
2.597329068096271598e+01 3.748309015027601054e-01
2.464916382331075440e+01 3.710816606820036556e-01
2.331018923106179130e+01 3.669438678039779189e-01
2.195717345244398899e+01 3.623653521619856210e-01
2.059093149357090979e+01 3.572839612395048436e-01
1.921228632751194354e+01 3.516252129959634432e-01
1.782206839856431202e+01 3.452993087597497346e-01
1.642111512202448154e+01 3.381973123405843662e-01
1.501027037976045619e+01 3.301862417992889043e-01
1.359038401188919210e+01 3.211027510022168574e-01
1.216231130486504597e+01 3.107450117321829963e-01
1.072691247628765332e+01 2.988623862502978179e-01
9.285052156739014961e+00 2.851426229858865513e-01
7.837598868961521248e+00 2.691969207664503538e-01
6.385424504692108982e+00 2.505450461535339568e-01
4.929403799467591440e+00 2.286075115997096840e-01
3.470413805716994649e+00 2.027232324023778010e-01
2.009333364457769999e+00 1.722341980397597838e-01
5.470425759144904587e-01 1.367104776782656628e-01
-9.155777306206486221e-01 9.637770291028495417e-02
-2.377646527366291007e+00 5.260619348565823833e-02
-3.838283118749928224e+00 7.917460030055605003e-03
-5.296607671905847248e+00 -3.490749692171336849e-02
-6.751741746653533660e+00 -7.394021722669626151e-02
-8.202808824637330076e+00 -1.084463156477655649e-01
-9.648934837308374313e+00 -1.385293041605200060e-01
-1.108924869243070077e+01 -1.646711584876014156e-01
-1.252288279879466515e+01 -1.874451684765733595e-01
-1.394897358882143479e+01 -2.073883500026663107e-01
-1.536666203874403536e+01 -2.249608010810553727e-01
-1.677509418605102098e+01 -2.405423159340613903e-01
-1.817342164388117709e+01 -2.544419577671334642e-01
-1.956080211206074182e+01 -2.669104612008085242e-01
-2.093639988447370115e+01 -2.781517829339122394e-01
-2.229938635245936496e+01 -2.883327637121550491e-01
-2.364894050393462877e+01 -2.975908538676531045e-01
-2.498424941794104370e+01 -3.060401699934788833e-01
-2.630450875431862201e+01 -3.137762079648131475e-01
-2.760892323821015992e+01 -3.208795066866657053e-01
-2.889670713910538424e+01 -3.274185034931277327e-01
-3.016708474413597330e+01 -3.334517698312733924e-01
-3.141929082533602369e+01 -3.390297718894227375e-01
-3.265257110058621492e+01 -3.441962660971779608e-01
-3.386618268796442521e+01 -3.489894127904561993e-01
-3.505939455323017739e+01 -3.534426711963463696e-01
-3.623148795017276314e+01 -3.575855237561967881e-01
-3.738175685355761146e+01 -3.614440664441545548e-01
-3.850950838440877533e+01 -3.650414931995703549e-01
-3.961406322737312991e+01 -3.683984961552577708e-01
-4.069475603991449475e+01 -3.715335984728191931e-01
-4.175093585309159749e+01 -3.744634328936132794e-01
-4.278196646367747036e+01 -3.772029762855081958e-01
-4.378722681738519640e+01 -3.797657482939398310e-01
-4.476611138296802750e+01 -3.821639805297361581e-01
-4.571803051696591069e+01 -3.844087614257897800e-01
-4.664241081888562945e+01 -3.865101608804353273e-01
-4.753869547659850525e+01 -3.884773380101127493e-01
-4.840634460174400999e+01 -3.903186347070646267e-01
-4.924483555493608833e+01 -3.920416572011569678e-01
-5.005366326057877302e+01 -3.936533474293345547e-01
-5.083234051110574114e+01 -3.951600456995078003e-01
-5.158039826045665421e+01 -3.965675458807839115e-01
-5.229738590661219888e+01 -3.978811441457868470e-01
-5.298287156302052381e+01 -3.991056821232032426e-01
-5.363644231875146318e+01 -4.002455851817037780e-01
-5.425770448722018813e+01 -4.013048964538716290e-01
-5.484628384332802398e+01 -4.022873071158822311e-01
-5.540182584888052020e+01 -4.031961833616005131e-01
-5.592399586614793350e+01 -4.040345904454570314e-01
-5.641247935943845704e+01 -4.048053141145425138e-01
-5.686698208456333958e+01 -4.055108797049015723e-01
-5.728723026607700319e+01 -4.061535691384693947e-01
-5.767297076218848417e+01 -4.067354360242491085e-01
-5.802397121724509788e+01 -4.072583190391472208e-01
-5.834002020169562996e+01 -4.077238537395680429e-01
-5.862092733944824374e+01 -4.081334829337411318e-01
-5.886652342254573966e+01 -4.084884657262709551e-01
-5.907666051309035282e+01 -4.087898853300937496e-01
-5.925121203235664780e+01 -4.090386557265268674e-01
-5.939007283703848827e+01 -4.092355272410692635e-01
-5.949315928258275221e+01 -4.093810910907995648e-01
-5.956040927357183534e+01 -4.094757829483784417e-01
-5.959178230112617314e+01 -4.095198855575916119e-01
-5.958725946730476153e+01 -4.095147009756273104e-01
-5.954684349649062369e+01 -4.095206221185250794e-01
-5.947055873375222745e+01 -4.095315063160013258e-01
-5.935845113017894903e+01 -4.095468099762645808e-01
-5.921058821520073678e+01 -4.095657378129732851e-01
-5.902705905591005120e+01 -4.095872473137381342e-01
-5.880797420341053083e+01 -4.096100544879385796e-01
-5.855346562622487738e+01 -4.096326407716628926e-01
-5.826368663080283739e+01 -4.096532609403759628e-01
-5.793881176917487608e+01 -4.096699518541765395e-01
-5.757903673380822340e+01 -4.096805418364184437e-01
-5.718457823973040632e+01 -4.096826604641643499e-01
-5.675567389398893425e+01 -4.096737485284882574e-01
-5.629258205252455127e+01 -4.096510679040251124e-01
-5.579558166454659585e+01 -4.096117110502749958e-01
-5.526497210450468600e+01 -4.095526098518020852e-01
-5.470107299175627702e+01 -4.094705434902689567e-01
-5.410422399804087235e+01 -4.093621450277657448e-01
-5.347478464287534905e+01 -4.092239063674688593e-01
-5.281313407699181539e+01 -4.090521812435052307e-01
-5.211967085395058774e+01 -4.088431858759738469e-01
-5.139481269006608954e+01 -4.085929969081377733e-01
-5.063899621279099250e+01 -4.082975462193219052e-01
-4.985267669770989585e+01 -4.079526121771924196e-01
-4.903632779429871391e+01 -4.075538068546280535e-01
-4.819044124061402812e+01 -4.070965586866544528e-01
-4.731552656708709037e+01 -4.065760899786608484e-01
-4.641211078960191116e+01 -4.059873885944397798e-01
-4.548073809204127826e+01 -4.053251730466955194e-01
-4.452196949849066954e+01 -4.045838500776879343e-01
-4.353638253529831559e+01 -4.037574636463497346e-01
-4.252457088319442136e+01 -4.028396340214781546e-01
-4.148714401968118182e+01 -4.018234854070965589e-01
-4.042472685190890047e+01 -4.007015601814269967e-01
-3.933795934025521035e+01 -3.994657173968310104e-01
-3.822749611283578020e+01 -3.981070126411402343e-01
-3.709400607117777326e+01 -3.966155556708081953e-01
-3.593817198729826146e+01 -3.949803413541427832e-01
-3.476069009242946350e+01 -3.931890483574407291e-01
-3.356226965763458736e+01 -3.912277986011772346e-01
-3.234363256657044161e+01 -3.890808687191094628e-01
-3.110551288065304121e+01 -3.867303424527986921e-01
-2.984865639688545258e+01 -3.841556899508388190e-01
-2.857382019861681854e+01 -3.813332561052238390e-01
-2.728177219950450194e+01 -3.782356350619758278e-01
-2.597329068095168481e+01 -3.748309015027299074e-01
-2.464916382329816003e+01 -3.710816606819660191e-01
-2.331018923105019525e+01 -3.669438678039400048e-01
-2.195717345243425456e+01 -3.623653521619507600e-01
-2.059093149356252539e+01 -3.572839612394718145e-01
-1.921228632750375453e+01 -3.516252129959278050e-01
-1.782206839855505365e+01 -3.452993087597051036e-01
-1.642111512201257995e+01 -3.381973123405206394e-01
-1.501027037974457556e+01 -3.301862417991933696e-01
-1.359038401186911926e+01 -3.211027510020804110e-01
-1.216231130484211320e+01 -3.107450117320054717e-01
-1.072691247626424982e+01 -2.988623862500899286e-01
-9.285052156717449989e+00 -2.851426229856653949e-01
-7.837598868943452146e+00 -2.691969207662348595e-01
-6.385424504678657520e+00 -2.505450461533459960e-01
-4.929403799459375790e+00 -2.286075115995743479e-01
-3.470413805713830513e+00 -2.027232324023159893e-01
-2.009333364458589344e+00 -1.722341980397779082e-01
-5.470425759176767988e-01 -1.367104776783489017e-01
9.155777306167367513e-01 -9.637770291039964021e-02
2.377646527362890616e+00 -5.260619348576665855e-02
3.838283118747656708e+00 -7.917460030127712253e-03
5.296607671904759229e+00 3.490749692167983975e-02
6.751741746653364906e+00 7.394021722668969732e-02
8.202808824637765284e+00 1.084463156477733503e-01
9.648934837309111501e+00 1.385293041605327458e-01
1.108924869243140066e+01 1.646711584876119350e-01
1.252288279879494048e+01 1.874451684765763293e-01
1.394897358882086635e+01 2.073883500026578730e-01
1.536666203874224124e+01 2.249608010810335290e-01
1.677509418604789460e+01 2.405423159340278894e-01
1.817342164387725134e+01 2.544419577670957167e-01
1.956080211205665620e+01 2.669104612007729416e-01
2.093639988446940237e+01 2.781517829338781556e-01
2.229938635245423129e+01 2.883327637121178566e-01
2.364894050392778979e+01 2.975908538676076409e-01
2.498424941793185994e+01 3.060401699934226505e-01
2.630450875430700464e+01 3.137762079647472557e-01
2.760892323819726357e+01 3.208795066865975931e-01
2.889670713909367805e+01 3.274185034930700566e-01
3.016708474412801522e+01 3.334517698312365330e-01
3.141929082533319928e+01 3.390297718894103030e-01
3.265257110058767864e+01 3.441962660971836785e-01
3.386618268796792819e+01 3.489894127904694665e-01
3.505939455323367326e+01 3.534426711963588597e-01
3.623148795017500134e+01 3.575855237562043376e-01
3.738175685355782463e+01 3.614440664441550544e-01
3.850950838440731872e+01 3.650414931995656365e-01
3.961406322737231278e+01 3.683984961552551063e-01
4.069475603991730139e+01 3.715335984728269647e-01
4.175093585309966215e+01 3.744634328936349843e-01
4.278196646369018907e+01 3.772029762855411139e-01
4.378722681739919409e+01 3.797657482939746920e-01
4.476611138297786852e+01 3.821639805297597503e-01
4.571803051696736730e+01 3.844087614257931662e-01
4.664241081887838192e+01 3.865101608804191735e-01
4.753869547658560890e+01 3.884773380100848827e-01
4.840634460172856279e+01 3.903186347070322637e-01
4.924483555491871556e+01 3.920416572011218848e-01
5.005366326055809623e+01 3.936533474292939205e-01
5.083234051107899631e+01 3.951600456994568411e-01
5.158039826042027443e+01 3.965675458807165210e-01
5.229738590656381092e+01 3.978811441456993614e-01
5.298287156296122902e+01 3.991056821230986595e-01
5.363644231868545376e+01 4.002455851815900356e-01
5.425770448715226024e+01 4.013048964537570540e-01
5.484628384326265405e+01 4.022873071157743174e-01
5.540182584882118988e+01 4.031961833615044233e-01
5.592399586609602835e+01 4.040345904453744863e-01
5.641247935939287572e+01 4.048053141144712375e-01
5.686698208452113334e+01 4.055108797048366243e-01
5.728723026603532986e+01 4.061535691384062230e-01
5.767297076214485685e+01 4.067354360241837719e-01
5.802397121719678097e+01 4.072583190390757779e-01
5.834002020164091817e+01 4.077238537394879958e-01
5.862092733938855815e+01 4.081334829336547010e-01
5.886652342248608960e+01 4.084884657261852459e-01
5.907666051303766608e+01 4.087898853300186430e-01
5.925121203231728373e+01 4.090386557264710787e-01
5.939007283701543116e+01 4.092355272410367895e-01
5.949315928257362174e+01 4.093810910907867417e-01
5.956040927356941950e+01 4.094757829483751665e-01
5.959178230112169672e+01 4.095198855575855057e-01
5.958725946729258283e+01 4.095147009756123224e-01
5.954684349647030217e+01 4.095206221185112572e-01
5.947055873372654133e+01 4.095315063159883362e-01
5.935845113015074048e+01 4.095468099762517578e-01
5.921058821517270587e+01 4.095657378129601844e-01
5.902705905588507562e+01 4.095872473137244785e-01
5.880797420339102644e+01 4.096100544879242022e-01
5.855346562621400608e+01 4.096326407716477380e-01
5.826368663080358345e+01 4.096532609403600866e-01
5.793881176918777243e+01 4.096699518541604412e-01
5.757903673383056287e+01 4.096805418364027340e-01
5.718457823975754906e+01 4.096826604641494729e-01
5.675567389401522433e+01 4.096737485284744906e-01
5.629258205254412673e+01 4.096510679040119007e-01
5.579558166455526447e+01 4.096117110502617842e-01
5.526497210450266095e+01 4.095526098517880964e-01
5.470107299174920712e+01 4.094705434902544683e-01
5.410422399803724858e+01 4.093621450277519780e-01
5.347478464288202815e+01 4.092239063674577570e-01
5.281313407701189533e+01 4.090521812434985138e-01
5.211967085398302402e+01 4.088431858759724591e-01
5.139481269010705233e+01 4.085929969081413260e-01
5.063899621283614749e+01 4.082975462193296212e-01
4.985267669775558375e+01 4.079526121772029112e-01
4.903632779434117595e+01 4.075538068546396553e-01
4.819044124064973289e+01 4.070965586866648889e-01
4.731552656711335203e+01 4.065760899786677873e-01
4.641211078961708836e+01 4.059873885944411676e-01
4.548073809204532836e+01 4.053251730466900238e-01
4.452196949848445229e+01 4.045838500776748337e-01
4.353638253528232838e+01 4.037574636463280853e-01
4.252457088316965894e+01 4.028396340214475124e-01
4.148714401965045084e+01 4.018234854070582562e-01
4.042472685187621551e+01 4.007015601813844752e-01
3.933795934022415963e+01 3.994657173967880448e-01
3.822749611280825377e+01 3.981070126410992116e-01
3.709400607115443194e+01 3.966155556707705032e-01
3.593817198727847284e+01 3.949803413541083108e-01
3.476069009241098939e+01 3.931890483574063122e-01
3.356226965761563008e+01 3.912277986011401532e-01
3.234363256655045404e+01 3.890808687190682735e-01
3.110551288063211572e+01 3.867303424527529510e-01
2.984865639686378103e+01 3.841556899507884704e-01
2.857382019859528910e+01 3.813332561051702707e-01
2.728177219948489096e+01 3.782356350619230367e-01
2.597329068093518245e+01 3.748309015026815016e-01
2.464916382328508604e+01 3.710816606819239971e-01
2.331018923104051055e+01 3.669438678039054769e-01
2.195717345242805507e+01 3.623653521619257245e-01
2.059093149356019836e+01 3.572839612394598796e-01
1.921228632750572629e+01 3.516252129959336892e-01
1.782206839856189617e+01 3.452993087597354682e-01
1.642111512202550117e+01 3.381973123405873638e-01
1.501027037976479761e+01 3.301862417993126630e-01
1.359038401189672385e+01 3.211027510022658737e-01
1.216231130487522449e+01 3.107450117322597682e-01
1.072691247629935063e+01 2.988623862503997364e-01
9.285052156750818853e+00 2.851426229860057893e-01
7.837598868972419197e+00 2.691969207665785846e-01
6.385424504702069903e+00 2.505450461536710138e-01
4.929403799477316994e+00 2.286075115998670582e-01
3.470413805727026624e+00 2.027232324025693699e-01
2.009333364467837502e+00 1.722341980399858530e-01
5.470425759235720831e-01 1.367104776785014464e-01
-9.155777306137330429e-01 9.637770291048577964e-02
-2.377646527362254236e+00 5.260619348578359639e-02
-3.838283118748749168e+00 7.917460030091411430e-03
-5.296607671906873094e+00 -3.490749692174249796e-02
-6.751741746655807397e+00 -7.394021722675411801e-02
-8.202808824639967966e+00 -1.084463156478245316e-01
-9.648934837310701340e+00 -1.385293041605654418e-01
-1.108924869243214673e+01 -1.646711584876261458e-01
-1.252288279879459409e+01 -1.874451684765725268e-01
-1.394897358881942750e+01 -2.073883500026401372e-01
-1.536666203874005632e+01 -2.249608010810089931e-01
-1.677509418604552138e+01 -2.405423159340039363e-01
-1.817342164387538617e+01 -2.544419577670788968e-01
-1.956080211205628316e+01 -2.669104612007704436e-01
-2.093639988447156952e+01 -2.781517829338956416e-01
-2.229938635245916956e+01 -2.883327637121537168e-01
-2.364894050393505509e+01 -2.975908538676559911e-01
-2.498424941794111476e+01 -3.060401699934794384e-01
-2.630450875431826674e+01 -3.137762079648112601e-01
-2.760892323821019545e+01 -3.208795066866659274e-01
-2.889670713910707178e+01 -3.274185034931361149e-01
-3.016708474414064511e+01 -3.334517698312949308e-01
-3.141929082534478113e+01 -3.390297718894605405e-01
-3.265257110059931023e+01 -3.441962660972313071e-01
-3.386618268798082454e+01 -3.489894127905192045e-01
-3.505939455324815412e+01 -3.534426711964116508e-01
-3.623148795019081092e+01 -3.575855237562589606e-01
-3.738175685357519740e+01 -3.614440664442121753e-01
-3.850950838442643231e+01 -3.650414931996254220e-01
-3.961406322739199481e+01 -3.683984961553137816e-01
-4.069475603993552681e+01 -3.715335984728789231e-01
-4.175093585311351774e+01 -3.744634328936727874e-01
-4.278196646369679712e+01 -3.772029762855585999e-01
-4.378722681739766642e+01 -3.797657482939710838e-01
-4.476611138297111836e+01 -3.821639805297437076e-01
-4.571803051696271325e+01 -3.844087614257825081e-01
-4.664241081888445706e+01 -3.865101608804327737e-01
-4.753869547660752914e+01 -3.884773380101322338e-01
-4.840634460176553944e+01 -3.903186347071095352e-01
-4.924483555496511400e+01 -3.920416572012158096e-01
-5.005366326060584470e+01 -3.936533474293877344e-01
-5.083234051112044938e+01 -3.951600456995360555e-01
-5.158039826045100540e+01 -3.965675458807736420e-01
-5.229738590658306663e+01 -3.978811441457342779e-01
-5.298287156297135425e+01 -3.991056821231166452e-01
-5.363644231869092494e+01 -4.002455851815995280e-01
-5.425770448715826433e+01 -4.013048964537673235e-01
-5.484628384327260164e+01 -4.022873071157908043e-01
-5.540182584883629602e+01 -4.031961833615289037e-01
-5.592399586611627882e+01 -4.040345904454066828e-01
-5.641247935941724734e+01 -4.048053141145093736e-01
-5.686698208454738790e+01 -4.055108797048769809e-01
-5.728723026606044755e+01 -4.061535691384444147e-01
-5.767297076216638629e+01 -4.067354360242161349e-01
-5.802397121721415374e+01 -4.072583190391014796e-01
-5.834002020165544877e+01 -4.077238537395092011e-01
-5.862092733940173872e+01 -4.081334829336738523e-01
-5.886652342249706749e+01 -4.084884657262010665e-01
-5.907666051304345700e+01 -4.087898853300269142e-01
-5.925121203231483236e+01 -4.090386557264675815e-01
-5.939007283700445328e+01 -4.092355272410212463e-01
-5.949315928255813191e+01 -4.093810910907648704e-01
-5.956040927355595471e+01 -4.094757829483561817e-01
-5.959178230111686503e+01 -4.095198855575786778e-01
-5.958725946730127987e+01 -4.095147009756209822e-01
-5.954684349649318165e+01 -4.095206221185179185e-01
-5.947055873375929735e+01 -4.095315063159936098e-01
-5.935845113018733343e+01 -4.095468099762567538e-01
-5.921058821520837512e+01 -4.095657378129656800e-01
-5.902705905591690794e+01 -4.095872473137307512e-01
-5.880797420341664150e+01 -4.096100544879314742e-01
-5.855346562623039119e+01 -4.096326407716560092e-01
-5.826368663080845067e+01 -4.096532609403693015e-01
-5.793881176918169729e+01 -4.096699518541701002e-01
-5.757903673381731835e+01 -4.096805418364122264e-01
-5.718457823974163290e+01 -4.096826604641584102e-01
-5.675567389399920160e+01 -4.096737485284827618e-01
-5.629258205252835268e+01 -4.096510679040195058e-01
-5.579558166453870882e+01 -4.096117110502686121e-01
-5.526497210448329866e+01 -4.095526098517938141e-01
-5.470107299172511972e+01 -4.094705434902584651e-01
-5.410422399800769000e+01 -4.093621450277539209e-01
-5.347478464284827737e+01 -4.092239063674573130e-01
-5.281313407697589923e+01 -4.090521812434957938e-01
-5.211967085394632448e+01 -4.088431858759676851e-01
-5.139481269007013964e+01 -4.085929969081346647e-01
-5.063899621279895058e+01 -4.082975462193207949e-01
-4.985267669771845078e+01 -4.079526121771920866e-01
-4.903632779430571986e+01 -4.075538068546275539e-01
-4.819044124061804268e+01 -4.070965586866527319e-01
-4.731552656708706195e+01 -4.065760899786570182e-01
-4.641211078959619840e+01 -4.059873885944323413e-01
-4.548073809202692530e+01 -4.053251730466815306e-01
-4.452196949846409524e+01 -4.045838500776634539e-01
-4.353638253525750201e+01 -4.037574636463110989e-01
-4.252457088314194777e+01 -4.028396340214257521e-01
-4.148714401962433840e+01 -4.018234854070358297e-01
-4.042472685185592951e+01 -4.007015601813661010e-01
-3.933795934021112117e+01 -3.994657173967762209e-01
-3.822749611280100623e+01 -3.981070126410934940e-01
-3.709400607115016868e+01 -3.966155556707680607e-01
-3.593817198727531093e+01 -3.949803413541067565e-01
-3.476069009240942620e+01 -3.931890483574068673e-01
-3.356226965761774750e+01 -3.912277986011465369e-01
-3.234363256655843344e+01 -3.890808687190854265e-01
-3.110551288064627329e+01 -3.867303424527834266e-01
-2.984865639688218408e+01 -3.841556899508301037e-01
-2.857382019861477573e+01 -3.813332561052174552e-01
-2.728177219950267585e+01 -3.782356350619696661e-01
-2.597329068095035254e+01 -3.748309015027248003e-01
-2.464916382329865741e+01 -3.710816606819660191e-01
-2.331018923105379770e+01 -3.669438678039502744e-01
-2.195717345244120011e+01 -3.623653521619740747e-01
-2.059093149357229535e+01 -3.572839612395087294e-01
-1.921228632751569165e+01 -3.516252129959782646e-01
-1.782206839856843317e+01 -3.452993087597683863e-01
-1.642111512202690449e+01 -3.381973123405964676e-01
-1.501027037975900669e+01 -3.301862417992795229e-01
-1.359038401188214884e+01 -3.211027510021685072e-01
-1.216231130485234502e+01 -3.107450117320842420e-01
