-4.290764990515867794e+00 -1.876859593023089690e-01
-3.714020862696249203e+00 -1.778561746531566179e-01
-3.135039547585056319e+00 -1.672862581352533573e-01
-2.554169801877225421e+00 -1.559450095380891521e-01
-1.971761519787567529e+00 -1.438106537962462739e-01
-1.388165522287599929e+00 -1.308752707364226331e-01
-8.037333457841152606e-01 -1.171498885753894242e-01
-2.188170303667856254e-01 -1.026697617949379193e-01
3.662310922475505715e-01 -8.749898136996579756e-02
9.510586109462602078e-01 -7.173322347514993202e-02
1.535313247500186273e+00 -5.549932961436473966e-02
2.118643068762918080e+00 -3.895074914836319652e-02
2.700696698662214512e+00 -2.225875349136783449e-02
3.281123529855830778e+00 -5.600538323068171565e-03
3.859573934924202199e+00 1.085364136358521470e-02
4.435699476972876809e+00 2.695183565918279553e-02
5.009153119517940844e+00 4.256835139711544896e-02
5.579589435527983809e+00 5.760750096574829282e-02
6.146664815496366785e+00 7.200349107887860090e-02
6.710037674418631859e+00 8.571751215636376486e-02
7.269368657550552726e+00 9.873328452837630553e-02
7.824320844822726606e+00 1.110521340521549161e-01
8.374559953788592637e+00 1.226883251772927091e-01
8.919754540983582558e+00 1.336650405384934570e-01
9.459576201573993259e+00 1.440111420469425696e-01
9.993699767176090987e+00 1.537586922515761789e-01
1.052180350172588597e+01 1.629411372210218256e-01
1.104356929528097275e+01 1.715920263948377267e-01
1.155868285563797571e+01 1.797441478644507540e-01
1.206683389765008307e+01 1.874289737045315429e-01
1.256771633013096334e+01 1.946763300545578390e-01
1.306102844023238418e+01 2.015142259319516183e-01
1.354647307518493982e+01 2.079687912708976794e-01
1.402375782129214876e+01 2.140642879367465889e-01
1.449259518006956071e+01 2.198231676793912237e-01
1.495270274142335687e+01 2.252661586413139128e-01
1.540380335376368137e+01 2.304123676547976673e-01
1.584562529094994865e+01 2.352793896253943806e-01
1.627790241596801479e+01 2.398834181993921288e-01
1.670037434124112963e+01 2.442393539609976072e-01
1.711278658547779585e+01 2.483609078351071420e-01
1.751489072696237770e+01 2.522606983584653739e-01
1.790644455319583628e+01 2.559503421534563561e-01
1.828721220679474868e+01 2.594405373873303611e-01
1.865696432756252321e+01 2.627411402918998218e-01
1.901547819064767353e+01 2.658612350020858606e-01
1.936253784070500927e+01 2.688091970799623143e-01
1.969793422197901123e+01 2.715927511480545897e-01
2.002146530423122428e+01 2.742190230783848048e-01
2.033293620443601668e+01 2.766945871839139315e-01
2.063215930417015542e+01 2.790255088448096998e-01
2.091895436262634789e+01 2.812173829790840518e-01
2.119314862518453424e+01 2.832753687394254927e-01
2.145457692747361378e+01 2.852042207881065328e-01
2.170308179486019284e+01 2.870083174714699314e-01
2.193851353730459408e+01 2.886916861857672933e-01
2.216073033952813631e+01 2.902580261977227849e-01
2.236959834643767309e+01 2.917107291565004257e-01
2.256499174375553096e+01 2.930528975089675137e-01
2.274679283380543993e+01 2.942873610073263868e-01
2.291489210640925833e+01 2.954166914773004304e-01
2.306918830485149030e+01 2.964432159960007640e-01
2.320958848687227416e+01 2.973690286112616876e-01
2.333600808065200383e+01 2.981960007184610850e-01
2.344837093575423026e+01 2.989257901965025055e-01
2.354660936899592727e+01 2.995598493915651583e-01
2.363066420521772315e+01 3.000994320252936554e-01
2.370048481292905862e+01 3.005455990931497068e-01
2.375602913480650002e+01 3.008992238085572701e-01
2.379726371302775689e+01 3.011609956391179677e-01
2.382416370942548056e+01 3.013314234724119856e-01
2.383671292044870782e+01 3.014108379406446048e-01
2.383490378692281553e+01 3.014012526202120013e-01
2.381873739860200345e+01 3.013986467403850789e-01
2.378822349351311161e+01 3.013934884847763174e-01
2.374338045209004022e+01 3.013853385596023116e-01
2.368423528610304629e+01 3.013735509464131601e-01
2.361082362238860455e+01 3.013572727747063085e-01
2.352318968138844113e+01 3.013354441225902236e-01
2.342138625051244816e+01 3.013067977194690550e-01
2.330547465234127102e+01 3.012698585181421418e-01
2.317552470768718820e+01 3.012229430969570743e-01
2.303161469353688773e+01 3.011641588456809848e-01
2.287383129590174136e+01 3.010914028815125376e-01
2.270226955760131560e+01 3.010023606341046820e-01
2.251703282101243531e+01 3.008945040305448515e-01
2.231823266581907816e+01 3.007650892028956302e-01
2.210598884180114965e+01 3.006111536320557054e-01
2.188042919670197151e+01 3.004295126322963361e-01
2.164168959921741475e+01 3.002167550707696697e-01
2.138991385715359428e+01 2.999692382054910955e-01
2.112525363080246876e+01 2.996830815136538040e-01
2.084786834158746771e+01 2.993541593695329128e-01
2.055792507603436547e+01 2.989780924175519661e-01
2.025559848512498107e+01 2.985502374711725415e-01
1.994107067909343556e+01 2.980656757519845046e-01
1.961453111772930669e+01 2.975191992655591977e-01
1.927617649625436513e+01 2.969052950911146294e-01
1.892621062684052191e+01 2.962181273406578330e-01
1.856484431584143380e+01 2.954515165198751125e-01
1.819229523681098470e+01 2.945989159974806149e-01
1.780878779938441525e+01 2.936533852619374052e-01
1.741455301410207568e+01 2.926075596144194768e-01
1.700982835325716280e+01 2.914536159146996486e-01
1.659485760785139874e+01 2.901832339626380652e-01
1.616989074074458799e+01 2.887875530627246889e-01
1.573518373608601273e+01 2.872571232837229371e-01
1.529099844511960526e+01 2.855818508915828335e-01
1.483760242845542088e+01 2.837509374040333432e-01
1.437526879490105713e+01 2.817528116936078852e-01
1.390427603695076719e+01 2.795750545582378344e-01
1.342490786303182837e+01 2.772043151936358085e-01
1.293745302660840224e+01 2.746262190521530644e-01
1.244220515224659351e+01 2.718252666769445103e-01
1.193946255874598172e+01 2.687847232843872947e-01
1.142952807944444693e+01 2.654864991693224874e-01
1.091270887980387627e+01 2.619110214801819159e-01
1.038931627238508604e+01 2.580370986298036740e-01
9.859665529324301403e+00 2.538417796785311653e-01
9.324075692424717232e+00 2.493002125961632232e-01
8.782869380977595952e+00 2.443855075809081012e-01
8.236372597428363918e+00 2.390686148607540640e-01
7.684914531004777061e+00 2.333182309883242711e-01
7.128827359425724097e+00 2.271007540282319326e-01
6.568446048809792437e+00 2.203803167880955816e-01
6.004108151904182122e+00 2.131189389787675470e-01
5.436153604755676660e+00 2.052768544572144416e-01
4.864924521946018210e+00 1.968130887139574459e-01
4.290764990515061328e+00 1.876863838328265144e-01
3.714020862695606162e+00 1.778565907326009887e-01
3.135039547584608677e+00 1.672866656660179641e-01
2.554169801876843504e+00 1.559454083113864242e-01
1.971761519787036399e+00 1.438110434702236928e-01
1.388165522286797904e+00 1.308756508175170918e-01
8.037333457831080663e-01 1.171502584079506526e-01
2.188170303657961946e-01 1.026701205656905397e-01
-3.662310922482594489e-01 8.749932813425562173e-02
-9.510586109465164473e-01 7.173355720989021966e-02
-1.535313247499971334e+00 5.549964929727670832e-02
-2.118643068762338988e+00 3.895105385507081214e-02
-2.700696698661413375e+00 2.225904249395583429e-02
-3.281123529854931942e+00 5.600811170033673583e-03
-3.859573934923349547e+00 -1.085338480268191463e-02
-4.435699476972279953e+00 -2.695159519127290904e-02
-5.009153119517866237e+00 -4.256812654083638736e-02
-5.579589435528573560e+00 -5.760729101159318966e-02
-6.146664815497613787e+00 -7.200329515918421630e-02
-6.710037674420408216e+00 -8.571732931254626153e-02
-7.269368657552471191e+00 -9.873311376762682057e-02
-7.824320844824296906e+00 -1.110519743905157009e-01
-8.374559953789480815e+00 -1.226881756693502801e-01
-8.919754540983745983e+00 -1.336649002957113475e-01
-9.459576201573851151e+00 -1.440110102472619558e-01
-9.993699767176417836e+00 -1.537585681427972584e-01
-1.052180350172744916e+01 -1.629410201200607589e-01
-1.104356929528406361e+01 -1.715919156844546711e-01
-1.155868285564215370e+01 -1.797440429885897584e-01
-1.206683389765438896e+01 -1.874288741630421862e-01
-1.256771633013440947e+01 -1.946762353977880555e-01
-1.306102844023448739e+01 -2.015141357555063906e-01
-1.354647307518577115e+01 -2.079687052107243861e-01
-1.402375782129207060e+01 -2.140642056646321068e-01
-1.449259518006910596e+01 -2.198230888989037013e-01
-1.495270274142304423e+01 -2.252660830841798356e-01
-1.540380335376351084e+01 -2.304122950776875400e-01
-1.584562529094925232e+01 -2.352793198070902703e-01
-1.627790241596579790e+01 -2.398833509383010987e-01
-1.670037434123663900e+01 -2.442392890729689348e-01
-1.711278658547098885e+01 -2.483608451515149917e-01
-1.751489072695407856e+01 -2.522606377245216747e-01
-1.790644455318721029e+01 -2.559502834267224358e-01
-1.828721220678636428e+01 -2.594404804364026096e-01
-1.865696432755425249e+01 -2.627410849952603877e-01
-1.901547819063940281e+01 -2.658611812470936253e-01
-1.936253784069760542e+01 -2.688091447619632701e-01
-1.969793422197443533e+01 -2.715927001695856435e-01
-2.002146530423150850e+01 -2.742189733484575176e-01
-2.033293620444229788e+01 -2.766945386173760291e-01
-2.063215930418266097e+01 -2.790254613617829116e-01
-2.091895436264487884e+01 -2.812173365044633444e-01
-2.119314862520820952e+01 -2.832753232024244339e-01
-2.145457692750058598e+01 -2.852041761218470084e-01
-2.170308179488807454e+01 -2.870082736126163270e-01
-2.193851353733121101e+01 -2.886916430741974793e-01
-2.216073033955220950e+01 -2.902579837762280235e-01
-2.236959834645917411e+01 -2.917106873705095360e-01
-2.256499174377538353e+01 -2.930528563062896330e-01
-2.274679283382533512e+01 -2.942873203379152702e-01
-2.291489210643080199e+01 -2.954166512930322397e-01
-2.306918830487539296e+01 -2.964431762504682877e-01
-2.320958848689803844e+01 -2.973689892595855477e-01
-2.333600808067825128e+01 -2.981959617171175414e-01
-2.344837093577929821e+01 -2.989257515031629731e-01
-2.354660936901829515e+01 -2.995598109649434404e-01
-2.363066420523614042e+01 -3.000993938249990611e-01
-2.370048481294265841e+01 -3.005455610795464416e-01
-2.375602913481539602e+01 -3.008991859426323745e-01
-2.379726371303310017e+01 -3.011609578823500333e-01
-2.382416370942873485e+01 -3.013313857866386503e-01
-2.383671292045046997e+01 -3.014108002879294923e-01
-2.383490378692190603e+01 -3.014012149639617721e-01
-2.381873739859624806e+01 -3.013986091082352936e-01
-2.378822349350089027e+01 -3.013934508980790627e-01
-2.374338045207158032e+01 -3.013853010396138621e-01
-2.368423528608029471e+01 -3.013735135142495691e-01
-2.361082362236401977e+01 -3.013572354512983886e-01
-2.352318968136421162e+01 -3.013354069286399706e-01
-2.342138625048995237e+01 -3.013067606754057381e-01
-2.330547465232113424e+01 -3.012698216440796717e-01
-2.317552470766995043e+01 -3.012229064126523692e-01
-2.303161469352328794e+01 -3.011641223704927817e-01
-2.287383129589216324e+01 -3.010913666343615347e-01
-2.270226955759557441e+01 -3.010023246334341263e-01
-2.251703282100982051e+01 -3.008944682942831239e-01
-2.231823266581863763e+01 -3.007650537484196640e-01
-2.210598884180187440e+01 -3.006111184761563471e-01
-2.188042919670251152e+01 -3.004294777911445946e-01
-2.164168959921634894e+01 -3.002167205598851307e-01
-2.138991385715014104e+01 -2.999692040397124448e-01
-2.112525363079672758e+01 -2.996830477071111276e-01
-2.084786834158023439e+01 -2.993541259356213846e-01
-2.055792507602643582e+01 -2.989780593689069788e-01
-2.025559848511639771e+01 -2.985502048196460034e-01
-1.994107067908395692e+01 -2.980656435086249112e-01
-1.961453111771948699e+01 -2.975191674405953668e-01
-1.927617649624561125e+01 -2.969052636939396583e-01
-1.892621062683483757e+01 -2.962180963798158317e-01
-1.856484431584076589e+01 -2.954514860030483248e-01
-1.819229523681651273e+01 -2.945988859314783714e-01
-1.780878779939626710e+01 -2.936533556526879085e-01
-1.741455301411932766e+01 -2.926075304669644161e-01
-1.700982835327776854e+01 -2.914535872331903144e-01
-1.659485760787247344e+01 -2.901832057503353490e-01
-1.616989074076355948e+01 -2.887875253220040794e-01
-1.573518373610208521e+01 -2.872570960160844011e-01
-1.529099844513431350e+01 -2.855818240976618072e-01
-1.483760242847110966e+01 -2.837509110836063941e-01
-1.437526879491930387e+01 -2.817527858455988743e-01
-1.390427603697178505e+01 -2.795750291807295729e-01
-1.342490786305383388e+01 -2.772042902838834921e-01
-1.293745302662817664e+01 -2.746261946066063664e-01
-1.244220515226121648e+01 -2.718252426912811659e-01
-1.193946255875418139e+01 -2.687846997535526805e-01
-1.142952807944672777e+01 -2.654864760875696450e-01
-1.091270887980180149e+01 -2.619109988411140177e-01
-1.038931627238067357e+01 -2.580370764264248717e-01
-9.859665529319263655e+00 -2.538417579033075411e-01
-9.324075692420077388e+00 -2.493001912410995335e-01
-8.782869380973702178e+00 -2.443854866376468093e-01
-8.236372597425010156e+00 -2.390685943207004893e-01
-7.684914531001501459e+00 -2.333182108428059898e-01
-7.128827359422022170e+00 -2.271007342686997277e-01
-6.568446048805031801e+00 -2.203802974063741593e-01
-6.004108151897829870e+00 -2.131189199673759749e-01
-5.436153604747647528e+00 -2.052768358097713519e-01
-4.864924521936845103e+00 -1.968130704256826624e-01
-4.290764990505699927e+00 -1.876863659011500651e-01
-3.714020862686980173e+00 -1.778565731578870546e-01
-3.135039547577380681e+00 -1.672866484524031527e-01
-2.554169801871462919e+00 -1.559453914677016717e-01
-1.971761519783750138e+00 -1.438110270109181632e-01
-1.388165522285532250e+00 -1.308756347634418282e-01
-8.037333457834358041e-01 -1.171502427867945062e-01
-2.188170303670707306e-01 -1.026701054117927780e-01
3.662310922466947005e-01 -8.749931348750193683e-02
9.510586109451562020e-01 -7.173354311348162371e-02
1.535313247499062728e+00 -5.549963579438182276e-02
2.118643068761903780e+00 -3.895104098472973453e-02
2.700696698661345874e+00 -2.225903028692311630e-02
3.281123529855106025e+00 -5.600799645383374402e-03
3.859573934923644423e+00 1.085339563943665299e-02
4.435699476972560618e+00 2.695160534828336743e-02
5.009153119517976371e+00 4.256813603843066784e-02
5.579589435528346186e+00 5.760729987973587513e-02
6.146664815496896139e+00 7.200330343452093773e-02
6.710037674419157661e+00 8.571733703556599915e-02
7.269368657550900892e+00 9.873312098026992834e-02
7.824320844822662657e+00 1.110519811343488455e-01
8.374559953787761302e+00 1.226881819843057275e-01
8.919754540981692514e+00 1.336649062193148163e-01
9.459576201571115561e+00 1.440110158142303698e-01
9.993699767172744330e+00 1.537585733848996494e-01
1.052180350172280221e+01 1.629410250661508242e-01
1.104356929527890507e+01 1.715919203606126597e-01
1.155868285563747122e+01 1.797440474183179815e-01
1.206683389765120573e+01 1.874288783674798731e-01
1.256771633013327971e+01 1.946762393959329818e-01
1.306102844023507004e+01 2.015141395644322042e-01
1.354647307518717092e+01 2.079687088457946309e-01
1.402375782129347037e+01 2.140642091396992297e-01
1.449259518007000125e+01 2.198230922264828302e-01
1.495270274142312950e+01 2.252660862755996585e-01
1.540380335376292820e+01 2.304122981432281947e-01
1.584562529094892547e+01 2.352793227561059131e-01
1.627790241596692056e+01 2.398833537793185200e-01
1.670037434123986486e+01 2.442392918137718250e-01
1.711278658547607634e+01 2.483608477992222396e-01
1.751489072695967764e+01 2.522606402856578112e-01
1.790644455319114670e+01 2.559502859072839143e-01
1.828721220678694692e+01 2.594404828419256681e-01
1.865696432755135348e+01 2.627410873308780870e-01
1.901547819063424427e+01 2.658611835175757609e-01
1.936253784069142370e+01 2.688091469717417969e-01
1.969793422196748622e+01 2.715927023227803772e-01
2.002146530422323778e+01 2.742189754489079978e-01
2.033293620443159710e+01 2.766945406686709408e-01
2.063215930416810906e+01 2.790254633672858420e-01
2.091895436262552366e+01 2.812173384673403165e-01
2.119314862518449161e+01 2.832753251256693861e-01
2.145457692747418221e+01 2.852041780082972822e-01
2.170308179486090339e+01 2.870082754649606049e-01
2.193851353730506304e+01 2.886916448949872205e-01
2.216073033952847737e+01 2.902579855678886211e-01
2.236959834643841205e+01 2.917106891353491993e-01
2.256499174375715100e+01 2.930528580465094901e-01
2.274679283380845263e+01 2.942873220556211922e-01
2.291489210641413266e+01 2.954166529902493843e-01
2.306918830485794203e+01 2.964431779291503699e-01
2.320958848687871168e+01 2.973689909216208904e-01
2.333600808065636656e+01 2.981959633643397334e-01
2.344837093575542397e+01 2.989257531373632482e-01
2.354660936899443513e+01 2.995598125878782270e-01
2.363066420521506572e+01 3.000993954383915918e-01
2.370048481292691278e+01 3.005455626850866979e-01
2.375602913480617318e+01 3.008991875419753659e-01
2.379726371302944798e+01 3.011609594771169074e-01
2.382416370942776851e+01 3.013313873784232988e-01
2.383671292044867940e+01 3.014108018783122067e-01
2.383490378691703171e+01 3.014012165544768806e-01
2.381873739858811945e+01 3.013986106977318835e-01
2.378822349349061582e+01 3.013934524856552444e-01
2.374338045206029690e+01 3.013853026243720756e-01
2.368423528606908235e+01 3.013735150952979169e-01
2.361082362235402954e+01 3.013572370277531332e-01
2.352318968135640986e+01 3.013354084996269222e-01
2.342138625048560385e+01 3.013067622400625867e-01
2.330547465232143267e+01 3.012698232015574296e-01
2.317552470767510897e+01 3.012229079621170369e-01
2.303161469353222657e+01 3.011641239111267354e-01
2.287383129590302033e+01 3.010913681653652474e-01
2.270226955760609044e+01 3.010023261540276107e-01
2.251703282101765069e+01 3.008944698037077092e-01
2.231823266582210508e+01 3.007650552459398829e-01
2.210598884180106438e+01 3.006111199610624340e-01
2.188042919669968356e+01 3.004294792627545951e-01
2.164168959921489943e+01 3.002167220175462892e-01
2.138991385715281268e+01 2.999692054828010934e-01
2.112525363080475671e+01 2.996830491350326309e-01
2.084786834159320890e+01 2.993541273478108056e-01
2.055792507604282093e+01 2.989780607648295785e-01
2.025559848513445971e+01 2.985502061987996281e-01
1.994107067910223208e+01 2.980656448705411021e-01
1.961453111773646896e+01 2.975191687848395827e-01
1.927617649625989316e+01 2.969052650201124965e-01
1.892621062684533939e+01 2.962180976875536387e-01
1.856484431584683392e+01 2.954514872920242508e-01
1.819229523681813276e+01 2.945988872014035920e-01
1.780878779939378020e+01 2.936533569033114577e-01
1.741455301411293277e+01 2.926075316980722985e-01
1.700982835326786358e+01 2.914535884446065594e-01
1.659485760786018105e+01 2.901832069419238436e-01
1.616989074075048549e+01 2.887875264936684006e-01
1.573518373608966492e+01 2.872570971677657070e-01
1.529099844512330009e+01 2.855818252293366166e-01
1.483760242846177313e+01 2.837509121952861424e-01
1.437526879491138843e+01 2.817527869373291360e-01
1.390427603696439540e+01 2.795750302525877862e-01
1.342490786304625239e+01 2.772042913359818450e-01
1.293745302662018304e+01 2.746261956390925185e-01
1.244220515225284629e+01 2.718252437043366943e-01
1.193946255874551277e+01 2.687847007473905814e-01
1.142952807943811600e+01 2.654864770624344450e-01
1.091270887979395710e+01 2.619109997972809412e-01
1.038931627237407262e+01 2.580370773641940674e-01
9.859665529314034060e+00 2.538417588229996968e-01
9.324075692416204930e+00 2.493001921430539891e-01
8.782869380971222384e+00 2.443854875222184198e-01
8.236372597424079345e+00 2.390685951882556004e-01
7.684914531002290161e+00 2.333182116937146111e-01
7.128827359424757759e+00 2.271007351033279553e-01
6.568446048810200999e+00 2.203802982250763209e-01
6.004108151905919399e+00 2.131189207704787536e-01
5.436153604758689362e+00 2.052768365975506104e-01
4.864924521950089620e+00 1.968130711983357706e-01
4.290764990519740252e+00 1.876863666587687829e-01
3.714020862700327719e+00 1.778565739004330792e-01
3.135039547588967856e+00 1.672866491796812238e-01
2.554169801880827873e+00 1.559453921793260700e-01
1.971761519790926620e+00 1.438110277062741305e-01
1.388165522290810694e+00 1.308756354416497070e-01
8.037333457871350673e-01 1.171502434466871329e-01
2.188170303694288443e-01 1.026701060519209646e-01
-3.662310922454932172e-01 8.749931410618187744e-02
-9.510586109449017389e-01 7.173354370889095666e-02
-1.535313247499499711e+00 5.549963636470695016e-02
-2.118643068762749326e+00 3.895104152832437605e-02
-2.700696698662322870e+00 2.225903080249639482e-02
-3.281123529855987098e+00 5.600800132136678731e-03
-3.859573934924280358e+00 -1.085339518173166970e-02
-4.435699476972859046e+00 -2.695160491927970497e-02
-5.009153119517837816e+00 -4.256813563726729449e-02
-5.579589435527770647e+00 -5.760729950514774378e-02
-6.146664815496022172e+00 -7.200330308496438736e-02
-6.710037674418209086e+00 -8.571733670933687210e-02
-7.269368657550154822e+00 -9.873312067560348348e-02
-7.824320844822513443e+00 -1.110519808494977584e-01
-8.374559953788628164e+00 -1.226881817175906886e-01
-8.919754540983667823e+00 -1.336649059691504271e-01
-9.459576201574021681e+00 -1.440110155791446689e-01
-9.993699767176446258e+00 -1.537585731635466024e-01
-1.052180350172730705e+01 -1.629410248573107678e-01
-1.104356929528407782e+01 -1.715919201631810886e-01
-1.155868285564282871e+01 -1.797440472312946957e-01
-1.206683389765625769e+01 -1.874288781899653700e-01
-1.256771633013791245e+01 -1.946762392271240427e-01
-1.306102844023972409e+01 -2.015141394036141231e-01
-1.354647307519232946e+01 -2.079687086923243111e-01
-1.402375782129926129e+01 -2.140642089929924441e-01
-1.449259518007632508e+01 -2.198230920860090587e-01
-1.495270274143007860e+01 -2.252660861408810333e-01
-1.540380335377057364e+01 -2.304122980138311461e-01
-1.584562529095679828e+01 -2.352793226316303443e-01
-1.627790241597421073e+01 -2.398833536593963645e-01
-1.670037434124540709e+01 -2.442392916980632711e-01
-1.711278658547871956e+01 -2.483608476874163695e-01
-1.751489072695906657e+01 -2.522606401774768470e-01
-1.790644455318844663e+01 -2.559502858024862992e-01
-1.828721220678508530e+01 -2.594404827403044567e-01
-1.865696432755378353e+01 -2.627410872322464286e-01
-1.901547819064301237e+01 -2.658611834217484704e-01
-1.936253784070621720e+01 -2.688091468785269722e-01
-1.969793422198604560e+01 -2.715927022319835071e-01
-2.002146530424233717e+01 -2.742189753603396229e-01
-2.033293620444818117e+01 -2.766945405821551462e-01
-2.063215930418040145e+01 -2.790254632826673631e-01
-2.091895436263322594e+01 -2.812173383844843166e-01
-2.119314862518854170e+01 -2.832753250444579596e-01
-2.145457692747637068e+01 -2.852041779286251244e-01
-2.170308179486330502e+01 -2.870082753867302383e-01
-2.193851353730904208e+01 -2.886916448181010009e-01
-2.216073033953451699e+01 -2.902579854922476277e-01
-2.236959834644651224e+01 -2.917106890608557324e-01
-2.256499174376689965e+01 -2.930528579730672933e-01
-2.274679283381895445e+01 -2.942873219831347309e-01
-2.291489210642417973e+01 -2.954166529186247336e-01
-2.306918830486655381e+01 -2.964431778582982679e-01
-2.320958848688566079e+01 -2.973689908514600688e-01
-2.333600808066217880e+01 -2.981959632947961958e-01
-2.344837093576069620e+01 -2.989257530683654962e-01
-2.354660936899882628e+01 -2.995598125193504324e-01
-2.363066420521738209e+01 -3.000993953702542072e-01
-2.370048481292593223e+01 -3.005455626172613415e-01
-2.375602913480178202e+01 -3.008991874743918715e-01
-2.379726371302325205e+01 -3.011609594097168219e-01
-2.382416370942238260e+01 -3.013313873111551078e-01
-2.383671292044674672e+01 -3.014108018111248954e-01
-2.383490378692051337e+01 -3.014012164873119404e-01
-2.381873739859727124e+01 -3.013986106306108526e-01
-2.378822349350371823e+01 -3.013934524186160924e-01
-2.374338045207493408e+01 -3.013853025574523836e-01
-2.368423528608335005e+01 -3.013735150285350994e-01
-2.361082362236676246e+01 -3.013572369611843271e-01
-2.352318968136665589e+01 -3.013354084332887650e-01
-2.342138625049215506e+01 -3.013067621739909940e-01
-2.330547465232337956e+01 -3.012698231357877621e-01
-2.317552470767267891e+01 -3.012229078966842666e-01
-2.303161469352692592e+01 -3.011641238460656123e-01
-2.287383129589665387e+01 -3.010913681007099663e-01
-2.270226955759968135e+01 -3.010023260898115893e-01
-2.251703282101134107e+01 -3.008944697399629220e-01
-2.231823266581548282e+01 -3.007650551826970275e-01
-2.210598884179331947e+01 -3.006111198983507649e-01
-2.188042919669004860e+01 -3.004294792006020898e-01
-2.164168959920307600e+01 -3.002167219559799261e-01
-2.138991385713931237e+01 -2.999692054218474624e-01
-2.112525363079036111e+01 -2.996830490747173781e-01
-2.084786834157852908e+01 -2.993541272881582449e-01
-2.055792507602805586e+01 -2.989780607058624140e-01
-2.025559848511958094e+01 -2.985502061405388430e-01
-1.994107067908738173e+01 -2.980656448130064584e-01
-1.961453111772228652e+01 -2.975191687280503428e-01
-1.927617649624721707e+01 -2.969052649640870345e-01
-1.892621062683482336e+01 -2.962180976323089410e-01
-1.856484431583847794e+01 -2.954514872375745838e-01
-1.819229523681077154e+01 -2.945988871477589477e-01
-1.780878779938563738e+01 -2.936533568504781644e-01
-1.741455301410299938e+01 -2.926075316460561293e-01
-1.700982835325677911e+01 -2.914535883934159521e-01
-1.659485760784973607e+01 -2.901832068915697893e-01
-1.616989074074237109e+01 -2.887875264441609469e-01
-1.573518373608444954e+01 -2.872570971191106826e-01
-1.529099844512040107e+01 -2.855818251815342435e-01
-1.483760242846006783e+01 -2.837509121483325347e-01
-1.437526879491012366e+01 -2.817527868912195754e-01
-1.390427603696377012e+01 -2.795750302073200522e-01
-1.342490786304709793e+01 -2.772042912915556601e-01
-1.293745302662337338e+01 -2.746261955955074385e-01
-1.244220515225850932e+01 -2.718252436615876677e-01
-1.193946255875287399e+01 -2.687847007054657289e-01
-1.142952807944591065e+01 -2.654864770213167802e-01
-1.091270887980106963e+01 -2.619109997569517012e-01
-1.038931627238014066e+01 -2.580370773246375427e-01
-9.859665529319462607e+00 -2.538417587842048961e-01
-9.324075692421519790e+00 -2.493001921050107261e-01
-8.782869380976480400e+00 -2.443854874849125114e-01
-8.236372597428918141e+00 -2.390685951516681451e-01
-7.684914531006276306e+00 -2.333182116578252363e-01
-7.128827359427372556e+00 -2.271007350681144010e-01
-6.568446048810762328e+00 -2.203802981905133851e-01
-6.004108151903603030e+00 -2.131189207365386529e-01
-5.436153604752859358e+00 -2.052768365642072268e-01
-4.864924521940937829e+00 -1.968130711655759202e-01
