-6.436147485773801691e+00 -2.410750870293472403e-01
-5.571031294044374249e+00 -2.288664825891429666e-01
-4.702559321377584922e+00 -2.153204939050506472e-01
-3.831254702815837909e+00 -2.002925481398403484e-01
-2.957642279681351294e+00 -1.836417061807729123e-01
-2.082248283431400004e+00 -1.652473817021180569e-01
-1.205600018676172835e+00 -1.450357506462304213e-01
-3.282255455501784658e-01 -1.230165559625474442e-01
5.493466383713259127e-01 -9.932581134095445907e-02
1.426587916419390201e+00 -7.426080391646054657e-02
2.302969871250279521e+00 -4.828527136135470771e-02
3.177964603144377342e+00 -2.198571664098549622e-02
4.051045047993321546e+00 4.017625563196793384e-03
4.921685294783745945e+00 2.917217050387874849e-02
5.789360902386302854e+00 5.306512555896497618e-02
6.653549215459315214e+00 7.544608361262465646e-02
7.513729679276911710e+00 9.620859945080592612e-02
8.369384153291974826e+00 1.153525070030627098e-01
9.219997223244551066e+00 1.329451732899760708e-01
1.006505651162794734e+01 1.490905980914250251e-01
1.090405298632582998e+01 1.639081573703217720e-01
1.173648126723409035e+01 1.775194603218571143e-01
1.256183993068288984e+01 1.900409822368177015e-01
1.337963181147537384e+01 2.015804238625523714e-01
1.418936430236098900e+01 2.122353121092696582e-01
1.499054965076413737e+01 2.220928663580118978e-01
1.578270525258882984e+01 2.312305271224981695e-01
1.656535394292145824e+01 2.397167904546081141e-01
1.733802428345696356e+01 2.476121458115959906e-01
1.810025084647512372e+01 2.549700081690764453e-01
1.885157449519644501e+01 2.618375897089054161e-01
1.959154266034857628e+01 2.682566875145491192e-01
2.031970961277740884e+01 2.742643808603178468e-01
2.103563673193822225e+01 2.798936406827094991e-01
2.173889277010434284e+01 2.851738581471413014e-01
2.242905411213503442e+01 2.901313009266632825e-01
2.310570503064552383e+01 2.947895060922957611e-01
2.376843793642492386e+01 2.991696180712311581e-01
2.441685362395202219e+01 3.032906793533967638e-01
2.505056151186169444e+01 3.071698807373026141e-01
2.566917987821669556e+01 3.108227770191647754e-01
2.627233609044356655e+01 3.142634732028749545e-01
2.685966682979375264e+01 3.175047855671930819e-01
2.743081831019212302e+01 3.205583812771646834e-01
2.798544649134378659e+01 3.234348996663393705e-01
2.852321728597151207e+01 3.261440578373335231e-01
2.904380676105751391e+01 3.286947428214758715e-01
2.954690133296851684e+01 3.310950921942297231e-01
3.003219795634683464e+01 3.333525647528267633e-01
3.049940430665402502e+01 3.354740026179990897e-01
3.094823895625523136e+01 3.374656859157425526e-01
3.137843154393952005e+01 3.393333810216109248e-01
3.178972293777680136e+01 3.410823832038623604e-01
3.218186539121042244e+01 3.427175543784224954e-01
3.255462269229028749e+01 3.442433565844585375e-01
3.290777030595688757e+01 3.456638817011991049e-01
3.324109550929220802e+01 3.469828778519116752e-01
3.355439751965651141e+01 3.482037728774557417e-01
3.384748761563329822e+01 3.493296952077707407e-01
3.412018925070815811e+01 3.503634924135119455e-01
3.437233815961388927e+01 3.513077476805544497e-01
3.460378245727723368e+01 3.521647944161546140e-01
3.481438273030840946e+01 3.529367291663307871e-01
3.500401212097800396e+01 3.536254229987208508e-01
3.517255640363134717e+01 3.542325314831860639e-01
3.531991405349388913e+01 3.547595033832151579e-01
3.544599630782658295e+01 3.552075881542835489e-01
3.555072721939358615e+01 3.555778423303628810e-01
3.563404370220975181e+01 3.558711348664199137e-01
3.569589556954163356e+01 3.560881514927088376e-01
3.573624556413822262e+01 3.562293981256837161e-01
3.575506938067306351e+01 3.562952033702324606e-01
3.575235568038422684e+01 3.562874412698976423e-01
3.572810609790300873e+01 3.562949311316863654e-01
3.568233524026966563e+01 3.563087945515654997e-01
3.561507067813506211e+01 3.563285186738031629e-01
3.552635292915456944e+01 3.563533505865725259e-01
3.541623543358290505e+01 3.563822986259716497e-01
3.528478452208265992e+01 3.564141340351659748e-01
3.513207937576866868e+01 3.564473929271284591e-01
3.495821197851190476e+01 3.564803784867032754e-01
3.476328706153078230e+01 3.565111633347851083e-01
3.454742204030533514e+01 3.565375919642195246e-01
3.431074694385261381e+01 3.565572831435300238e-01
3.405340433640197517e+01 3.565676321706651719e-01
3.377554923151865296e+01 3.565658128445363118e-01
3.347734899872861547e+01 3.565487790070390184e-01
3.315898326270172447e+01 3.565132654923709454e-01
3.282064379505295904e+01 3.564557883035526786e-01
3.246253439882612213e+01 3.563726438179063427e-01
3.208487078573038787e+01 3.562599068035236516e-01
3.168788044620370314e+01 3.561134270071246721e-01
3.127180251238119979e+01 3.559288240497099354e-01
3.083688761405154821e+01 3.557014803395327496e-01
3.038339772768747338e+01 3.554265316815154452e-01
2.991160601864015334e+01 3.550988552275524679e-01
2.942179667659396003e+01 3.547130543722735729e-01
2.891426474438154770e+01 3.542634401526887911e-01
2.838931594026078287e+01 3.537440086564007657e-01
2.784726647376215070e+01 3.531484138802117867e-01
2.728844285521647706e+01 3.524699354070983670e-01
2.671318169907662110e+01 3.517014401824817282e-01
2.612182952115311352e+01 3.508353375678427977e-01
2.551474252988574420e+01 3.498635267278584204e-01
2.489228641177709989e+01 3.487773352626155066e-01
2.425483611111688020e+01 3.475674478245968646e-01
2.360277560412901821e+01 3.462238232556908435e-01
2.293649766767940790e+01 3.447355985361132413e-01
2.225640364268313220e+01 3.430909775473530710e-01
2.156290319235158393e+01 3.412771023063139175e-01
2.085641405542614990e+01 3.392799039176373488e-01
2.013736179454774344e+01 3.370839300043694253e-01
1.940617953991260336e+01 3.346721448013231792e-01
1.866330772836989027e+01 3.320256974181797216e-01
1.790919383811897347e+01 3.291236529894998597e-01
1.714429211916667128e+01 3.259426805200090205e-01
1.636906331970581618e+01 3.224566902099320065e-01
1.558397440857762817e+01 3.186364119320198030e-01
1.478949829398645122e+01 3.144489053940511258e-01
1.398611353863707585e+01 3.098569914945792370e-01
1.317430407146639482e+01 3.048185937296499226e-01
1.235455889614254588e+01 2.992859787214186551e-01
1.152737179650716470e+01 2.932048868898780025e-01
1.069324103913858615e+01 2.865135495135555099e-01
9.852669073214688211e+00 2.791415995888342771e-01
9.006162227856272295e+00 2.710089055559865012e-01
8.154230407133514547e+00 2.620243967740203961e-01
7.297386782919026871e+00 2.520850201835952986e-01
6.436147485772591992e+00 2.410750888252919943e-01
5.571031294043409687e+00 2.288664843288221451e-01
4.702559321376913459e+00 2.153204955905273499e-01
3.831254702815265034e+00 2.002925497724325488e-01
2.957642279680554598e+00 1.836417077607133963e-01
2.082248283430196967e+00 1.652473832281372013e-01
1.205600018674662044e+00 1.450357521151147411e-01
3.282255455486943196e-01 1.230165573688229985e-01
-5.493466383723891733e-01 9.932581267696551086e-02
-1.426587916419774782e+00 7.426080517315961083e-02
-2.302969871249957112e+00 4.828527252993335822e-02
-3.177964603143508704e+00 2.198571771490964374e-02
-4.051045047992119841e+00 -4.017624586493995752e-03
-4.921685294782397690e+00 -2.917216962250138157e-02
-5.789360902385023877e+00 -5.306512476727726774e-02
-6.653549215458419930e+00 -7.544608290263696282e-02
-7.513729679276799800e+00 -9.620859881356490229e-02
-8.369384153292859452e+00 -1.153525064296719027e-01
-9.219997223246419793e+00 -1.329451727721951693e-01
-1.006505651163061188e+01 -1.490905976219358553e-01
-1.090405298632870768e+01 -1.639081569427791873e-01
-1.173648126723644580e+01 -1.775194599308372867e-01
-1.256183993068422211e+01 -1.900409818777195059e-01
-1.337963181147561897e+01 -2.015804235314825332e-01
-1.418936430236077584e+01 -2.122353118029334240e-01
-1.499054965076462764e+01 -2.220928660736112281e-01
-1.578270525259117463e+01 -2.312305268576410056e-01
-1.656535394292609453e+01 -2.397167902072323553e-01
-1.733802428346323055e+01 -2.476121455799106252e-01
-1.810025084648158256e+01 -2.549700079515201945e-01
-1.885157449520161421e+01 -2.618375895041164525e-01
-1.959154266035173109e+01 -2.682566873213401704e-01
-2.031970961277865584e+01 -2.742643806776497439e-01
-2.103563673193810502e+01 -2.798936405096655866e-01
-2.173889277010366072e+01 -2.851738579829082298e-01
-2.242905411213456546e+01 -2.901313007705144664e-01
-2.310570503064526804e+01 -2.947895059435743925e-01
-2.376843793642387936e+01 -2.991696179293395486e-01
-2.441685362394869685e+01 -3.032906792177923472e-01
-2.505056151185495850e+01 -3.071698806074957266e-01
-2.566917987820648506e+01 -3.108227768947165459e-01
-2.627233609043111784e+01 -3.142634730833924750e-01
-2.685966682978081366e+01 -3.175047854523196933e-01
-2.743081831017954642e+01 -3.205583811665684846e-01
-2.798544649133138051e+01 -3.234348995597097209e-01
-2.852321728595910599e+01 -3.261440577343841518e-01
-2.904380676104640813e+01 -3.286947427219494844e-01
-2.954690133296165300e+01 -3.310950920978955048e-01
-3.003219795634726097e+01 -3.333525646594710512e-01
-3.049940430666344682e+01 -3.354740025274168258e-01
-3.094823895627398969e+01 -3.374656858277366167e-01
-3.137843154396731649e+01 -3.393333809359942999e-01
-3.178972293781231429e+01 -3.410823831204555234e-01
-3.218186539125088075e+01 -3.427175542970509747e-01
-3.255462269233211003e+01 -3.442433565049546340e-01
-3.290777030599682007e+01 -3.456638816234058331e-01
-3.324109550932831780e+01 -3.469828777756856497e-01
-3.355439751968876294e+01 -3.482037728026681767e-01
-3.384748761566307707e+01 -3.493296951343044521e-01
-3.412018925073800091e+01 -3.503634923412596858e-01
-3.437233815964620476e+01 -3.513077476094130236e-01
-3.460378245731308766e+01 -3.521647943460202712e-01
-3.481438273034705588e+01 -3.529367290970972237e-01
-3.500401212101737514e+01 -3.536254229302804863e-01
-3.517255640366894909e+01 -3.542325314154334270e-01
-3.531991405352744096e+01 -3.547595033160482747e-01
-3.544599630785420885e+01 -3.552075880876043867e-01
-3.555072721941398584e+01 -3.555778422640776815e-01
-3.563404370222309581e+01 -3.558711348004415242e-01
-3.569589556954964849e+01 -3.560881514269568227e-01
-3.573624556414310405e+01 -3.562293980600799714e-01
-3.575506938067570673e+01 -3.562952033046950517e-01
-3.575235568038286260e+01 -3.562874412043411931e-01
-3.572810609789436853e+01 -3.562949310662021363e-01
-3.568233524025133363e+01 -3.563087944862159961e-01
-3.561507067810737226e+01 -3.563285186086494472e-01
-3.552635292912044207e+01 -3.563533505216743280e-01
-3.541623543354602788e+01 -3.563822985613877559e-01
-3.528478452204631566e+01 -3.564141339709545608e-01
-3.513207937573493211e+01 -3.564473928633469790e-01
-3.495821197848169959e+01 -3.564803784234083506e-01
-3.476328706150492565e+01 -3.565111632720318613e-01
-3.454742204028492836e+01 -3.565375919020617457e-01
-3.431074694383824664e+01 -3.565572830820196715e-01
-3.405340433639336339e+01 -3.565676321098526502e-01
-3.377554923151473076e+01 -3.565658127844696379e-01
-3.347734899872795467e+01 -3.565487789477641556e-01
-3.315898326270281160e+01 -3.565132654339311369e-01
-3.282064379505376905e+01 -3.564557882459886695e-01
-3.246253439882452341e+01 -3.563726437612557696e-01
-3.208487078572521511e+01 -3.562599067478215420e-01
-3.168788044619509137e+01 -3.561134269524033891e-01
-3.127180251237034980e+01 -3.559288239959996769e-01
-3.083688761403965373e+01 -3.557014802868614378e-01
-3.038339772767459834e+01 -3.554265316299075050e-01
-2.991160601862593538e+01 -3.550988551770290491e-01
-2.942179667657923048e+01 -3.547130543228542154e-01
-2.891426474436841687e+01 -3.542634401043913139e-01
-2.838931594025225635e+01 -3.537440086092417668e-01
-2.784726647376114883e+01 -3.531484138342060874e-01
-2.728844285522476909e+01 -3.524699353622576803e-01
-2.671318169909439888e+01 -3.517014401388135481e-01
-2.612182952117899148e+01 -3.508353375253499551e-01
-2.551474252991665281e+01 -3.498635266865378624e-01
-2.489228641180871193e+01 -3.487773352224582957e-01
-2.425483611114533744e+01 -3.475674477855903999e-01
-2.360277560415312692e+01 -3.462238232178241337e-01
-2.293649766770147025e+01 -3.447355984993803468e-01
-2.225640364270666538e+01 -3.430909775117501614e-01
-2.156290319237895403e+01 -3.412771022718342206e-01
-2.085641405545767668e+01 -3.392799038842677639e-01
-2.013736179458075171e+01 -3.370839299720858606e-01
-1.940617953994226497e+01 -3.346721447700906626e-01
-1.866330772839182472e+01 -3.320256973879594509e-01
-1.790919383813127297e+01 -3.291236529602571403e-01
-1.714429211917009255e+01 -3.259426804917169296e-01
-1.636906331970270401e+01 -3.224566901825697829e-01
-1.558397440857100946e+01 -3.186364119055709043e-01
-1.478949829397889459e+01 -3.144489053684983992e-01
-1.398611353863011608e+01 -3.098569914699015326e-01
-1.317430407146055416e+01 -3.048185937058209838e-01
-1.235455889613751523e+01 -2.992859786984063408e-01
-1.152737179650225130e+01 -2.932048868676462305e-01
-1.069324103913303325e+01 -2.865135494920658665e-01
-9.852669073207547257e+00 -2.791415995680443518e-01
-9.006162227846743917e+00 -2.710089055358526622e-01
-8.154230407121470847e+00 -2.620243967545038410e-01
-7.297386782905267211e+00 -2.520850201646681055e-01
-6.436147485758549891e+00 -2.410750888069384257e-01
-5.571031294030470704e+00 -2.288664843110341240e-01
-4.702559321366070577e+00 -2.153204955733014903e-01
-3.831254702807194157e+00 -2.002925497557729861e-01
-2.957642279675625208e+00 -1.836417077446339252e-01
-2.082248283428298485e+00 -1.652473832126599151e-01
-1.205600018675153651e+00 -1.450357521002691441e-01
-3.282255455506061237e-01 -1.230165573546489477e-01
5.493466383700420508e-01 -9.932581266351797611e-02
1.426587916417734192e+00 -7.426080516050842517e-02
2.302969871248594202e+00 -4.828527251808827081e-02
3.177964603142855893e+00 -2.198571770400599423e-02
4.051045047992018588e+00 4.017624596425216528e-03
4.921685294782658815e+00 2.917216963147332975e-02
5.789360902385466190e+00 5.306512477534144206e-02
6.653549215458840926e+00 7.544608290986895560e-02
7.513729679276965001e+00 9.620859882005046437e-02
8.369384153292518391e+00 1.153525064354970625e-01
9.219997223245343321e+00 1.329451727774408065e-01
1.006505651162873605e+01 1.490905976266773403e-01
1.090405298632635223e+01 1.639081569470884625e-01
1.173648126723399443e+01 1.775194599347763580e-01
1.256183993068164284e+01 1.900409818813345586e-01
1.337963181147253877e+01 2.015804235348080953e-01
1.418936430235667245e+01 2.122353118059971400e-01
1.499054965075911738e+01 2.220928660764384666e-01
1.578270525258420420e+01 2.312305268602573849e-01
1.656535394291835672e+01 2.397167902096676295e-01
1.733802428345620683e+01 2.476121455821981010e-01
1.810025084647680771e+01 2.549700079536887931e-01
1.885157449519991957e+01 2.618375895061847980e-01
1.959154266035260505e+01 2.682566873233130922e-01
2.031970961278075549e+01 2.742643806795247996e-01
2.103563673194020467e+01 2.798936405114418324e-01
2.173889277010500365e+01 2.851738579845885524e-01
2.242905411213469336e+01 2.901313007721036397e-01
2.310570503064439407e+01 2.947895059450812427e-01
2.376843793642338909e+01 2.991696179307795633e-01
2.441685362395038084e+01 3.032906792191819023e-01
2.505056151185979729e+01 3.071698806088447031e-01
2.566917987821411629e+01 3.108227768960260540e-01
2.627233609043951645e+01 3.142634730846542435e-01
2.685966682978671827e+01 3.175047854535195113e-01
2.743081831018042038e+01 3.205583811676974149e-01
2.798544649132703199e+01 3.234348995607714827e-01
2.852321728595136818e+01 3.261440577353922898e-01
2.904380676103713554e+01 3.286947427229164886e-01
2.954690133295122934e+01 3.310950920988260937e-01
3.003219795633485489e+01 3.333525646603637815e-01
3.049940430664739566e+01 3.354740025282667015e-01
3.094823895625216181e+01 3.374656858285368655e-01
3.137843154393828371e+01 3.393333809367417575e-01
3.178972293777673741e+01 3.410823831211556856e-01
3.218186539121127510e+01 3.427175542977167200e-01
3.255462269229135330e+01 3.442433565055997291e-01
3.290777030595759811e+01 3.456638816240422685e-01
3.324109550929271961e+01 3.469828777763226957e-01
3.355439751965761985e+01 3.482037728033097190e-01
3.384748761563572828e+01 3.493296951349485480e-01
3.412018925071267716e+01 3.503634923419003400e-01
3.437233815962120076e+01 3.513077476100447960e-01
3.460378245728691127e+01 3.521647943466385544e-01
3.481438273031806574e+01 3.529367290976971883e-01
3.500401212098454806e+01 3.536254229308594121e-01
3.517255640363313773e+01 3.542325314159954774e-01
3.531991405349165092e+01 3.547595033166051626e-01
3.544599630782259680e+01 3.552075880881716552e-01
3.555072721939036740e+01 3.555778422646693193e-01
3.563404370220926154e+01 3.558711348010645259e-01
3.569589556954417020e+01 3.560881514276066362e-01
3.573624556414165454e+01 3.562293980607423860e-01
3.575506938067302087e+01 3.562952033053524148e-01
3.575235568037554401e+01 3.562874412049854000e-01
3.572810609788217562e+01 3.562949310668470648e-01
3.568233524023592196e+01 3.563087944868604806e-01
3.561507067809044713e+01 3.563285186092923218e-01
3.552635292910362352e+01 3.563533505223144271e-01
3.541623543353104253e+01 3.563822985620239692e-01
3.528478452203461302e+01 3.564141339715860002e-01
3.513207937572840933e+01 3.564473928639728673e-01
3.495821197848214723e+01 3.564803784240280216e-01
3.476328706151266346e+01 3.565111632726452595e-01
3.454742204029834340e+01 3.565375919026689266e-01
3.431074694385453228e+01 3.565572830826209128e-01
3.405340433640913744e+01 3.565676321104477298e-01
3.377554923152647604e+01 3.565658127850581671e-01
3.347734899873315584e+01 3.565487789483450243e-01
3.315898326270159657e+01 3.565132654345032348e-01
3.282064379504952711e+01 3.564557882465514416e-01
3.246253439882234915e+01 3.563726437618098819e-01
3.208487078572922258e+01 3.562599067483681603e-01
3.168788044620713507e+01 3.561134269529439011e-01
3.127180251238981157e+01 3.559288239965349154e-01
3.083688761406423140e+01 3.557014802873909032e-01
3.038339772770169134e+01 3.554265316304302535e-01
2.991160601865334812e+01 3.550988551775440261e-01
2.942179667660470344e+01 3.547130543233593114e-01
2.891426474438983973e+01 3.542634401048841419e-01
2.838931594026800909e+01 3.537440086097199399e-01
2.784726647377025088e+01 3.531484138346671631e-01
2.728844285522719915e+01 3.524699353626999931e-01
2.671318169909066853e+01 3.517014401392362655e-01
2.612182952116939916e+01 3.508353375257517448e-01
2.551474252990179536e+01 3.498635266869182248e-01
2.489228641179027335e+01 3.487773352228185075e-01
2.425483611112572646e+01 3.475674477859341249e-01
2.360277560413449649e+01 3.462238232181554798e-01
2.293649766768495013e+01 3.447355984997022560e-01
2.225640364269266058e+01 3.430909775120642435e-01
2.156290319236708086e+01 3.412771022721404202e-01
2.085641405544659222e+01 3.392799038845629722e-01
2.013736179456937947e+01 3.370839299723671356e-01
1.940617953993027456e+01 3.346721447703565611e-01
1.866330772837926943e+01 3.320256973882097506e-01
1.790919383811827004e+01 3.291236529604921190e-01
1.714429211915717488e+01 3.259426804919383636e-01
1.636906331969093742e+01 3.224566901827826126e-01
1.558397440856110805e+01 3.186364119057794597e-01
1.478949829397105020e+01 3.144489053687051783e-01
1.398611353862430740e+01 3.098569914701082562e-01
1.317430407145683446e+01 3.048185937060299278e-01
1.235455889613611902e+01 2.992859786986215020e-01
1.152737179650343435e+01 2.932048868678726605e-01
1.069324103913713664e+01 2.865135494923101711e-01
9.852669073215301054e+00 2.791415995683182993e-01
9.006162227858879987e+00 2.710089055361707411e-01
8.154230407138033598e+00 2.620243967548765429e-01
7.297386782925133986e+00 2.520850201650935429e-01
6.436147485779610378e+00 2.410750888073993348e-01
5.571031294050492022e+00 2.288664843115039704e-01
4.702559321383452229e+00 2.153204955737542670e-01
3.831254702821241587e+00 2.002925497561901802e-01
2.957642279686389930e+00 1.836417077450066271e-01
2.082248283436216152e+00 1.652473832129861264e-01
1.205600018680702545e+00 1.450357521005488370e-01
3.282255455541432942e-01 1.230165573548809704e-01
-5.493466383682398257e-01 9.932581266370084372e-02
-1.426587916417352719e+00 7.426080516064451076e-02
-2.302969871249249678e+00 4.828527251825724675e-02
-3.177964603144124212e+00 2.198571770414115001e-02
-4.051045047993484083e+00 -4.017624596310922537e-03
-4.921685294783980424e+00 -2.917216963136868083e-02
-5.789360902386420094e+00 -5.306512477523940563e-02
-6.653549215459288568e+00 -7.544608290976577425e-02
-7.513729679276757167e+00 -9.620859881994298091e-02
-8.369384153291655082e+00 -1.153525064353861235e-01
-9.219997223244032369e+00 -1.329451727773313385e-01
-1.006505651162731318e+01 -1.490905976265755883e-01
-1.090405298632523312e+01 -1.639081569470005606e-01
-1.173648126723377061e+01 -1.775194599347098279e-01
-1.256183993068294313e+01 -1.900409818812957286e-01
-1.337963181147550173e+01 -2.015804235347951334e-01
-1.418936430236103163e+01 -2.122353118060032184e-01
-1.499054965076467028e+01 -2.220928660764587559e-01
-1.578270525259096146e+01 -2.312305268602902197e-01
-1.656535394292611585e+01 -2.397167902097094017e-01
-1.733802428346424307e+01 -2.476121455822405393e-01
-1.810025084648438565e+01 -2.549700079537249309e-01
-1.885157449520686868e+01 -2.618375895062136638e-01
-1.959154266035958614e+01 -2.682566873233409588e-01
-2.031970961278849330e+01 -2.742643806795576622e-01
-2.103563673194889105e+01 -2.798936405114806902e-01
-2.173889277011448939e+01 -2.851738579846317401e-01
-2.242905411214511702e+01 -2.901313007721517678e-01
-2.310570503065586223e+01 -2.947895059451346444e-01
-2.376843793643519831e+01 -2.991696179308332981e-01
-2.441685362396131609e+01 -3.032906792192283096e-01
-2.505056151186811064e+01 -3.071698806088738465e-01
-2.566917987821808111e+01 -3.108227768960290516e-01
-2.627233609043859985e+01 -3.142634730846299296e-01
-2.685966682978266817e+01 -3.175047854534790992e-01
-2.743081831017762795e+01 -3.205583811676649408e-01
-2.798544649133067708e+01 -3.234348995607729815e-01
-2.852321728596452033e+01 -3.261440577354410286e-01
-2.904380676105932579e+01 -3.286947427230077490e-01
-2.954690133297906840e+01 -3.310950920989416679e-01
-3.003219795636350398e+01 -3.333525646604802994e-01
-3.049940430667227176e+01 -3.354740025283637905e-01
-3.094823895627060040e+01 -3.374656858286035899e-01
-3.137843154394983713e+01 -3.393333809367775622e-01
-3.178972293778281255e+01 -3.410823831211678425e-01
-3.218186539121455780e+01 -3.427175542977171641e-01
-3.255462269229495575e+01 -3.442433565056014499e-01
-3.290777030596356667e+01 -3.456638816240535372e-01
-3.324109550930177193e+01 -3.469828777763459549e-01
-3.355439751966977013e+01 -3.482037728033446355e-01
-3.384748761565035124e+01 -3.493296951349925128e-01
-3.412018925072842990e+01 -3.503634923419481351e-01
-3.437233815963627137e+01 -3.513077476100894825e-01
-3.460378245729982893e+01 -3.521647943466748587e-01
-3.481438273032848940e+01 -3.529367290977240001e-01
-3.500401212099326642e+01 -3.536254229308798958e-01
-3.517255640364104607e+01 -3.542325314160128524e-01
-3.531991405349823765e+01 -3.547595033166178191e-01
-3.544599630782607136e+01 -3.552075880881732650e-01
-3.555072721938889657e+01 -3.555778422646534986e-01
-3.563404370220267481e+01 -3.558711348010307751e-01
-3.569589556953487630e+01 -3.560881514275635595e-01
-3.573624556413357567e+01 -3.562293980607036947e-01
-3.575506938067012186e+01 -3.562952033053318757e-01
-3.575235568038077361e+01 -3.562874412049880091e-01
-3.572810609789590330e+01 -3.562949310668471203e-01
-3.568233524025557557e+01 -3.563087944868588708e-01
-3.561507067811240290e+01 -3.563285186092902679e-01
-3.552635292912502507e+01 -3.563533505223129283e-01
-3.541623543355014192e+01 -3.563822985620234696e-01
-3.528478452204998206e+01 -3.564141339715868328e-01
-3.513207937573822903e+01 -3.564473928639751987e-01
-3.495821197848506756e+01 -3.564803784240318518e-01
-3.476328706150901837e+01 -3.565111632726500890e-01
-3.454742204029038533e+01 -3.565375919026739782e-01
-3.431074694384498258e+01 -3.565572830826256867e-01
-3.405340433639952380e+01 -3.565676321104520041e-01
-3.377554923151701161e+01 -3.565658127850618864e-01
-3.347734899872322245e+01 -3.565487789483481329e-01
-3.315898326268997920e+01 -3.565132654345055108e-01
-3.282064379503507467e+01 -3.564557882465524408e-01
-3.246253439880461400e+01 -3.563726437618089937e-01
-3.208487078570897211e+01 -3.562599067483651627e-01
-3.168788044618554167e+01 -3.561134269529388496e-01
-3.127180251236779185e+01 -3.559288239965278100e-01
-3.083688761404208378e+01 -3.557014802873819659e-01
-3.038339772767937319e+01 -3.554265316304192068e-01
-2.991160601863107260e+01 -3.550988551775307589e-01
-2.942179667658342979e+01 -3.547130543233447675e-01
-2.891426474437082561e+01 -3.542634401048695425e-01
-2.838931594025223504e+01 -3.537440086097065617e-01
-2.784726647375771691e+01 -3.531484138346556723e-01
-2.728844285521615731e+01 -3.524699353626888909e-01
-2.671318169907845430e+01 -3.517014401392220546e-01
-2.612182952115449908e+01 -3.508353375257318163e-01
-2.551474252988516866e+01 -3.498635266868931337e-01
-2.489228641177460588e+01 -3.487773352227925283e-01
-2.425483611111355486e+01 -3.475674477859124756e-01
-2.360277560412667341e+01 -3.462238232181409914e-01
-2.293649766768060161e+01 -3.447355984996944289e-01
-2.225640364269010263e+01 -3.430909775120600802e-01
-2.156290319236518371e+01 -3.412771022721374226e-01
-2.085641405544565430e+01 -3.392799038845623061e-01
-2.013736179457064779e+01 -3.370839299723731308e-01
-1.940617953993506006e+01 -3.346721447703748797e-01
-1.866330772838776397e+01 -3.320256973882430573e-01
-1.790919383812931187e+01 -3.291236529605380823e-01
-1.714429211916886686e+01 -3.259426804919907661e-01
-1.636906331970160267e+01 -3.224566901828342935e-01
-1.558397440857021010e+01 -3.186364119058272548e-01
-1.478949829397919302e+01 -3.144489053687514746e-01
-1.398611353863227968e+01 -3.098569914701572170e-01
-1.317430407146472149e+01 -3.048185937060824413e-01
-1.235455889614337721e+01 -2.992859786986741266e-01
-1.152737179650941357e+01 -2.932048868679200115e-01
-1.069324103914105883e+01 -2.865135494923445325e-01
-9.852669073216143047e+00 -2.791415995683275697e-01
-9.006162227855405433e+00 -2.710089055361374344e-01
-8.154230407129288594e+00 -2.620243967547815078e-01
-7.297386782911406300e+00 -2.520850201649280087e-01
