-1.287229497154760338e+01 -3.172506207949358781e-01
-1.114206258808874850e+01 -3.035690568336464890e-01
-9.405118642755169844e+00 -2.873856525519001837e-01
-7.662509405631675818e+00 -2.680529707233891834e-01
-5.915284559362702588e+00 -2.447368549755626066e-01
-4.164496566862800009e+00 -2.164013095910586604e-01
-2.411200037352345671e+00 -1.818875878878832286e-01
-6.564510911003569316e-01 -1.402637195933083003e-01
1.098693276742651825e+00 -9.169193145707797699e-02
2.853175832838780401e+00 -3.858164596311298294e-02
4.605939742500559042e+00 1.453798910390775509e-02
6.355929206288754685e+00 6.337993999106489307e-02
8.102090095986643092e+00 1.058981316044169674e-01
9.843370589567491891e+00 1.420283240155963411e-01
1.157872180477260571e+01 1.725856346372694194e-01
1.330709843091863043e+01 1.985511420691794815e-01
1.502745935855382342e+01 2.207997026127208884e-01
1.673876830658394965e+01 2.400402127303857269e-01
1.843999444648910213e+01 2.568285228663250153e-01
2.013011302325589469e+01 2.715971571275510588e-01
2.180810597265165995e+01 2.846838420153682825e-01
2.347296253446818071e+01 2.963545268354569884e-01
2.512367986136577969e+01 3.068208735347318084e-01
2.675926362295074767e+01 3.162532583994702162e-01
2.837872860472197800e+01 3.247903857466905575e-01
2.998109930152827474e+01 3.325464140220942832e-01
3.156541050517765967e+01 3.396162718644036849e-01
3.313070788584291648e+01 3.460796573449660962e-01
3.467604856691392712e+01 3.520040750037308208e-01
3.620050169295024745e+01 3.574471650464771666e-01
3.770314899039289003e+01 3.624585076450618781e-01
3.918308532069715255e+01 3.670810346231468957e-01
4.063941922555481767e+01 3.713521448336447595e-01
4.207127346387644451e+01 3.753045938763481248e-01
4.347778554020868569e+01 3.789672103973040218e-01
4.485810822427006883e+01 3.823654779165219786e-01
4.621141006129104767e+01 3.855220114581367485e-01
4.753687587284984772e+01 3.884569511675072251e-01
4.883370724790404438e+01 3.911882898639729711e-01
5.010112302372338888e+01 3.937321475821132233e-01
5.133835975643339111e+01 3.961030032337162776e-01
5.254467218088713309e+01 3.983138913168836615e-01
5.371933365958750528e+01 4.003765699205436568e-01
5.486163662038424604e+01 4.023016649866668071e-01
5.597089298268757318e+01 4.040987947999893359e-01
5.704643457194302414e+01 4.057766779036331428e-01
5.808761352211502782e+01 4.073432270352655982e-01
5.909380266593703368e+01 4.088056312027063544e-01
6.006439591269366929e+01 4.101704276404709026e-01
6.099880861330805004e+01 4.114435650873449202e-01
6.189647791251046272e+01 4.126304595828200195e-01
6.275686308787904011e+01 4.137360437842535488e-01
6.357944587555360272e+01 4.147648106470879781e-01
6.436373078242084489e+01 4.157208521797811085e-01
6.510924538458057498e+01 4.166078938774250839e-01
6.581554061191377514e+01 4.174293253487719180e-01
6.648219101858441604e+01 4.181882275769515100e-01
6.710879503931302281e+01 4.188873971917370098e-01
6.769497523126659644e+01 4.195293680785467938e-01
6.824037850141631623e+01 4.201164306046956121e-01
6.874467631922777855e+01 4.206506487052871224e-01
6.920756491455446735e+01 4.211338750384188145e-01
6.962876546061681893e+01 4.215677643911209804e-01
7.000802424195600793e+01 4.219537854929041876e-01
7.034511280726269433e+01 4.222932313723294362e-01
7.063982810698777826e+01 4.225872283731125778e-01
7.089199261565316590e+01 4.228367439295082075e-01
7.110145443878717231e+01 4.230425931857197397e-01
7.126808740441950363e+01 4.232054445305505341e-01
7.139179113908326713e+01 4.233258241061750304e-01
7.147249112827644524e+01 4.234041193385485458e-01
7.151013876134612701e+01 4.234405815263738160e-01
7.150471136076845369e+01 4.234362614916957201e-01
7.145621219580601746e+01 4.234393405777058805e-01
7.136467048053933127e+01 4.234448679594747800e-01
7.123014135627012422e+01 4.234523176380592391e-01
7.105270585830913888e+01 4.234609212389535138e-01
7.083247086716581009e+01 4.234696736389796934e-01
7.056956904416531984e+01 4.234773401896206879e-01
7.026415875153733737e+01 4.234824653726159127e-01
6.991642395702380952e+01 4.234833826888766972e-01
6.952657412306156459e+01 4.234782255500691428e-01
6.909484408061067029e+01 4.234649389139485409e-01
6.862149388770522762e+01 4.234412913799960321e-01
6.810680867280395034e+01 4.234048874412628671e-01
6.755109846303730592e+01 4.233531795715944623e-01
6.695469799745723094e+01 4.232834798144435862e-01
6.631796652540344894e+01 4.231929705299865008e-01
6.564128759010591807e+01 4.230787139507358185e-01
6.492506879765224426e+01 4.229376601916109979e-01
6.416974157146077573e+01 4.227666533575933916e-01
6.337576089240740629e+01 4.225624353895358065e-01
6.254360502476239958e+01 4.223216472850620518e-01
6.167377522810309642e+01 4.220408273251723408e-01
6.076679545537494676e+01 4.217164059262559217e-01
5.982321203728030667e+01 4.213446967194865445e-01
5.884359335318792006e+01 4.209218834324149894e-01
5.782852948876309540e+01 4.204440021079111078e-01
5.677863188052156573e+01 4.199069181397758199e-01
5.569453294752430139e+01 4.193062975279674420e-01
5.457688571043295411e+01 4.186375716541242964e-01
5.342636339815324220e+01 4.178958947433406568e-01
5.224365904230622704e+01 4.170760930027908597e-01
5.102948505977148841e+01 4.161726042014106119e-01
4.978457282355419977e+01 4.151794061642458677e-01
4.850967222223376041e+01 4.140899322832192753e-01
4.720555120825803641e+01 4.128969716708033588e-01
4.587299533535881579e+01 4.115925509754524980e-01
4.451280728536626441e+01 4.101677940994217786e-01
4.312580638470316785e+01 4.086127550601585390e-01
4.171282811085229980e+01 4.069162179482700425e-01
4.027472358909548689e+01 4.050654562675781167e-01
3.881235907982520672e+01 4.030459417737430328e-01
3.732661545673978054e+01 4.008409900914681190e-01
3.581838767623794695e+01 3.984313266595050917e-01
3.428858423833334257e+01 3.957945516151603060e-01
3.273812663941163237e+01 3.929044756521460902e-01
3.116794881715525634e+01 3.897302900604865394e-01
2.957899658797290243e+01 3.862355222279404976e-01
2.797222707727415170e+01 3.823767116286498347e-01
2.634860814293278963e+01 3.781017189943752244e-01
2.470911779228509175e+01 3.733475504246943077e-01
2.305474359301432941e+01 3.680375349736701995e-01
2.138648207827717229e+01 3.620776334440805599e-01
1.970533814642937642e+01 3.553515701651974168e-01
1.801232445571254459e+01 3.477143580702287684e-01
1.630846081426702909e+01 3.389836175806461016e-01
1.459477356583805374e+01 3.289278600054746371e-01
1.287229497154518398e+01 3.172506207949197798e-01
1.114206258808681937e+01 3.035690568336313899e-01
9.405118642753826919e+00 2.873856525518879157e-01
7.662509405630530068e+00 2.680529707233766379e-01
5.915284559361109196e+00 2.447368549755407074e-01
4.164496566860393933e+00 2.164013095910171935e-01
2.411200037349324088e+00 1.818875878878189467e-01
6.564510910973886393e-01 1.402637195932323333e-01
-1.098693276744778347e+00 9.169193145701569347e-02
-2.853175832839549564e+00 3.858164596329496931e-02
-4.605939742499914225e+00 -1.453798910371932075e-02
-6.355929206287017408e+00 -6.337993999088323283e-02
-8.102090095984239682e+00 -1.058981316042537507e-01
-9.843370589564795381e+00 -1.420283240154563142e-01
-1.157872180477004775e+01 -1.725856346371549277e-01
-1.330709843091683986e+01 -1.985511420690935225e-01
-1.502745935855359960e+01 -2.207997026126663209e-01
-1.673876830658571890e+01 -2.400402127303597477e-01
-1.843999444649283959e+01 -2.568285228663210185e-01
-2.013011302326122376e+01 -2.715971571275612173e-01
-2.180810597265741535e+01 -2.846838420153809945e-01
-2.347296253447289160e+01 -2.963545268354619844e-01
-2.512367986136844422e+01 -3.068208735347244254e-01
-2.675926362295123795e+01 -3.162532583994518975e-01
-2.837872860472155168e+01 -3.247903857466694633e-01
-2.998109930152925529e+01 -3.325464140220817932e-01
-3.156541050518234925e+01 -3.396162718644082923e-01
-3.313070788585218907e+01 -3.460796573449889113e-01
-3.467604856692646109e+01 -3.520040750037644051e-01
-3.620050169296316511e+01 -3.574471650465100847e-01
-3.770314899040322842e+01 -3.624585076450846377e-01
-3.918308532070346217e+01 -3.670810346231563326e-01
-4.063941922555731168e+01 -3.713521448336429276e-01
-4.207127346387621003e+01 -3.753045938763392986e-01
-4.347778554020732145e+01 -3.789672103972929751e-01
-4.485810822426913091e+01 -3.823654779165127637e-01
-4.621141006129053608e+01 -3.855220114581291435e-01
-4.753687587284775873e+01 -3.884569511674967335e-01
-4.883370724789739370e+01 -3.911882898639537642e-01
-5.010112302370991699e+01 -3.937321475820816374e-01
-5.133835975641297011e+01 -3.961030032336731455e-01
-5.254467218086223568e+01 -3.983138913168344231e-01
-5.371933365956162731e+01 -4.003765699204949180e-01
-5.486163662035909283e+01 -4.023016649866212879e-01
-5.597089298266276103e+01 -4.040987947999462038e-01
-5.704643457191821199e+01 -4.057766779035915095e-01
-5.808761352209281625e+01 -4.073432270352292939e-01
-5.909380266592330599e+01 -4.088056312026835393e-01
-6.006439591269452194e+01 -4.101704276404690153e-01
-6.099880861332689364e+01 -4.114435650873672912e-01
-6.189647791254797937e+01 -4.126304595828661492e-01
-6.275686308793463297e+01 -4.137360437843213834e-01
-6.357944587562462857e+01 -4.147648106471730767e-01
-6.436373078250176150e+01 -4.157208521798761436e-01
-6.510924538466422007e+01 -4.166078938775210627e-01
-6.581554061199364014e+01 -4.174293253488614575e-01
-6.648219101865663561e+01 -4.181882275770306689e-01
-6.710879503937752588e+01 -4.188873971918061212e-01
-6.769497523132615413e+01 -4.195293680786093549e-01
-6.824037850147600182e+01 -4.201164306047572850e-01
-6.874467631929240952e+01 -4.206506487053530696e-01
-6.920756491462617532e+01 -4.211338750384912011e-01
-6.962876546069411177e+01 -4.215677643911982519e-01
-7.000802424203475027e+01 -4.219537854929820142e-01
-7.034511280733789818e+01 -4.222932313724030995e-01
-7.063982810705488191e+01 -4.225872283731775814e-01
-7.089199261570841770e+01 -4.228367439295609986e-01
-7.110145443882797167e+01 -4.230425931857581534e-01
-7.126808740444619161e+01 -4.232054445305749035e-01
-7.139179113909929697e+01 -4.233258241061890192e-01
-7.147249112828620810e+01 -4.234041193385564839e-01
-7.151013876135141345e+01 -4.234405815263773687e-01
-7.150471136076572520e+01 -4.234362614916929446e-01
-7.145621219578873706e+01 -4.234393405777040487e-01
-7.136467048050266726e+01 -4.234448679594739473e-01
-7.123014135621474452e+01 -4.234523176380592391e-01
-7.105270585824088414e+01 -4.234609212389537358e-01
-7.083247086709205576e+01 -4.234696736389794713e-01
-7.056956904409263132e+01 -4.234773401896196887e-01
-7.026415875146986423e+01 -4.234824653726139698e-01
-6.991642395696339918e+01 -4.234833826888738106e-01
-6.952657412300985129e+01 -4.234782255500653680e-01
-6.909484408056985671e+01 -4.234649389139442666e-01
-6.862149388767649327e+01 -4.234412913799917577e-01
-6.810680867278672679e+01 -4.234048874412589814e-01
-6.755109846302946153e+01 -4.233531795715911872e-01
-6.695469799745590933e+01 -4.232834798144410327e-01
-6.631796652540562320e+01 -4.231929705299845024e-01
-6.564128759010753811e+01 -4.230787139507339312e-01
-6.492506879764904681e+01 -4.229376601916082223e-01
-6.416974157145043023e+01 -4.227666533575888397e-01
-6.337576089239018273e+01 -4.225624353895291452e-01
-6.254360502474069960e+01 -4.223216472850535030e-01
-6.167377522807930745e+01 -4.220408273251623488e-01
-6.076679545534919669e+01 -4.217164059262444864e-01
-5.982321203725187075e+01 -4.213446967194731663e-01
-5.884359335315846096e+01 -4.209218834324001124e-01
-5.782852948873683374e+01 -4.204440021078967304e-01
-5.677863188050451271e+01 -4.199069181397652728e-01
-5.569453294752229766e+01 -4.193062975279648885e-01
-5.457688571044953818e+01 -4.186375716541332892e-01
-5.342636339818879776e+01 -4.178958947433631943e-01
-5.224365904235798297e+01 -4.170760930028269420e-01
-5.102948505983330563e+01 -4.161726042014572968e-01
-4.978457282361742386e+01 -4.151794061642972156e-01
-4.850967222229067488e+01 -4.140899322832689022e-01
-4.720555120830625384e+01 -4.128969716708483229e-01
-4.587299533540294050e+01 -4.115925509754963518e-01
-4.451280728541333076e+01 -4.101677940994720162e-01
-4.312580638475790806e+01 -4.086127550602212666e-01
-4.171282811091535336e+01 -4.069162179483477026e-01
-4.027472358916150341e+01 -4.050654562676656023e-01
-3.881235907988452993e+01 -4.030459417738275762e-01
-3.732661545678364945e+01 -4.008409900915355095e-01
-3.581838767626254594e+01 -3.984313266595457259e-01
-3.428858423834018510e+01 -3.957945516151724075e-01
-3.273812663940540801e+01 -3.929044756521337112e-01
-3.116794881714201892e+01 -3.897302900604582288e-01
-2.957899658795778919e+01 -3.862355222279053035e-01
-2.797222707726023216e+01 -3.823767116286143075e-01
-2.634860814292110831e+01 -3.781017189943424728e-01
-2.470911779227503047e+01 -3.733475504246631660e-01
-2.305474359300450260e+01 -3.680375349736365598e-01
-2.138648207826606651e+01 -3.620776334440384270e-01
-1.970533814641509451e+01 -3.553515701651367986e-01
-1.801232445569348783e+01 -3.477143580701373415e-01
-1.630846081424294169e+01 -3.389836175805142626e-01
-1.459477356581053442e+01 -3.289278600053011647e-01
-1.287229497151709978e+01 -3.172506207947140555e-01
-1.114206258806094141e+01 -3.035690568334089567e-01
-9.405118642732141154e+00 -2.873856525516669258e-01
-7.662509405614388314e+00 -2.680529707231795178e-01
-5.915284559351250415e+00 -2.447368549753948797e-01
-4.164496566856596971e+00 -2.164013095909485263e-01
-2.411200037350307301e+00 -1.818875878878400409e-01
-6.564510911012122474e-01 -1.402637195933317815e-01
1.098693276740084102e+00 -9.169193145715484605e-02
2.853175832835468384e+00 -3.858164596349292208e-02
4.605939742497188405e+00 1.453798910357956449e-02
6.355929206285711786e+00 6.337993999080122898e-02
8.102090095984037177e+00 1.058981316042109794e-01
9.843370589565317630e+00 1.420283240154353588e-01
1.157872180477093238e+01 1.725856346371438255e-01
1.330709843091768185e+01 1.985511420690838913e-01
1.502745935855393000e+01 2.207997026126521656e-01
1.673876830658503678e+01 2.400402127303369881e-01
1.843999444649068664e+01 2.568285228662875452e-01
2.013011302325747209e+01 2.715971571275184737e-01
2.180810597265270445e+01 2.846838420153358085e-01
2.347296253446798886e+01 2.963545268354200735e-01
2.512367986136328568e+01 3.068208735346850680e-01
2.675926362294507754e+01 3.162532583994105972e-01
2.837872860471334491e+01 3.247903857466214461e-01
2.998109930151823477e+01 3.325464140220247278e-01
3.156541050516840841e+01 3.396162718643431777e-01
3.313070788583671344e+01 3.460796573449225755e-01
3.467604856691241366e+01 3.520040750037080057e-01
3.620050169295361542e+01 3.574471650464730588e-01
3.770314899039983914e+01 3.624585076450699272e-01
3.918308532070521011e+01 3.670810346231581645e-01
4.063941922556151098e+01 3.713521448336516984e-01
4.207127346388040934e+01 3.753045938763476252e-01
4.347778554021000730e+01 3.789672103972970829e-01
4.485810822426938671e+01 3.823654779165108208e-01
4.621141006128878814e+01 3.855220114581228152e-01
4.753687587284677818e+01 3.884569511674924591e-01
4.883370724790076167e+01 3.911882898639586492e-01
5.010112302371959458e+01 3.937321475820987349e-01
5.133835975642823257e+01 3.961030032337000684e-01
5.254467218087903291e+01 3.983138913168630113e-01
5.371933365957343653e+01 4.003765699205137918e-01
5.486163662036084077e+01 4.023016649866228422e-01
5.597089298265406399e+01 4.040987947999311047e-01
5.704643457190273637e+01 4.057766779035666405e-01
5.808761352207427109e+01 4.073432270352007611e-01
5.909380266590245867e+01 4.088056312026526196e-01
6.006439591266970979e+01 4.101704276404337102e-01
6.099880861329479131e+01 4.114435650873232708e-01
6.189647791250432363e+01 4.126304595828083621e-01
6.275686308787656742e+01 4.137360437842468874e-01
6.357944587555347482e+01 4.147648106470844254e-01
6.436373078242255019e+01 4.157208521797799428e-01
6.510924538458270661e+01 4.166078938774245288e-01
6.581554061191519622e+01 4.174293253487705857e-01
6.648219101858543922e+01 4.181882275769498447e-01
6.710879503931523971e+01 4.188873971917366767e-01
6.769497523127145655e+01 4.195293680785493473e-01
6.824037850142535433e+01 4.201164306047026065e-01
6.874467631924240152e+01 4.206506487052998899e-01
6.920756491457382253e+01 4.211338750384364116e-01
6.962876546063613148e+01 4.215677643911382999e-01
7.000802424196909612e+01 4.219537854929150122e-01
7.034511280726627547e+01 4.222932313723307129e-01
7.063982810698330184e+01 4.225872283731058610e-01
7.089199261564519361e+01 4.228367439294981045e-01
7.110145443878073479e+01 4.230425931857112465e-01
7.126808740441852308e+01 4.232054445305473700e-01
7.139179113908834040e+01 4.233258241061778060e-01
7.147249112828330908e+01 4.234041193385531532e-01
7.151013876134604175e+01 4.234405815263715955e-01
7.150471136075108802e+01 4.234362614916797329e-01
7.145621219576435124e+01 4.234393405776913921e-01
7.136467048047184392e+01 4.234448679594617349e-01
7.123014135618089426e+01 4.234523176380470266e-01
7.105270585820724705e+01 4.234609212389413013e-01
7.083247086706208506e+01 4.234696736389668148e-01
7.056956904406922604e+01 4.234773401896065881e-01
7.026415875145681866e+01 4.234824653726007027e-01
6.991642395696429446e+01 4.234833826888605990e-01
6.952657412302532691e+01 4.234782255500527115e-01
6.909484408059668681e+01 4.234649389139327202e-01
6.862149388770906455e+01 4.234412913799813216e-01
6.810680867281827489e+01 4.234048874412495445e-01
6.755109846305295207e+01 4.233531795715819723e-01
6.695469799746631168e+01 4.232834798144309296e-01
6.631796652540319315e+01 4.231929705299730116e-01
6.564128759009905423e+01 4.230787139507216077e-01
6.492506879764469829e+01 4.229376601915969536e-01
6.416974157145844515e+01 4.227666533575807906e-01
6.337576089241427013e+01 4.225624353895260366e-01
6.254360502477962314e+01 4.223216472850561676e-01
6.167377522812846280e+01 4.220408273251702869e-01
6.076679545540338268e+01 4.217164059262564213e-01
5.982321203730669623e+01 4.213446967194877102e-01
5.884359335320940687e+01 4.209218834324153780e-01
5.782852948877967947e+01 4.204440021079103862e-01
5.677863188053601817e+01 4.199069181397750983e-01
5.569453294754050177e+01 4.193062975279688853e-01
5.457688571045439829e+01 4.186375716541300696e-01
5.342636339818133706e+01 4.178958947433523696e-01
5.224365904233879832e+01 4.170760930028076241e-01
5.102948505980359073e+01 4.161726042014291527e-01
4.978457282358054670e+01 4.151794061642617995e-01
4.850967222225145292e+01 4.140899322832295448e-01
4.720555120826899298e+01 4.128969716708086879e-01
4.587299533536990026e+01 4.115925509754588818e-01
4.451280728538532117e+01 4.101677940994378768e-01
4.312580638473416172e+01 4.086127550601901248e-01
4.171282811089318443e+01 4.069162179483168940e-01
4.027472358913875894e+01 4.050654562676322401e-01
3.881235907986054912e+01 4.030459417737904393e-01
3.732661545675853887e+01 4.008409900914942647e-01
3.581838767623654007e+01 3.984313266595001513e-01
3.428858423831434976e+01 3.957945516151238352e-01
3.273812663938187484e+01 3.929044756520859716e-01
3.116794881712221610e+01 3.897302900604144860e-01
2.957899658794210040e+01 3.862355222278673894e-01
2.797222707724861479e+01 3.823767116285834433e-01
2.634860814291366893e+01 3.781017189943203793e-01
2.470911779227223803e+01 3.733475504246531740e-01
2.305474359300686871e+01 3.680375349736432766e-01
2.138648207827427328e+01 3.620776334440681254e-01
1.970533814643060211e+01 3.553515701652012471e-01
1.801232445571775997e+01 3.477143580702524717e-01
1.630846081427606720e+01 3.389836175806944518e-01
1.459477356585026797e+01 3.289278600055505208e-01
1.287229497155922076e+01 3.172506207950215873e-01
1.114206258810098404e+01 3.035690568337521822e-01
9.405118642766904458e+00 2.873856525520201988e-01
7.662509405642483173e+00 2.680529707235212444e-01
5.915284559372779860e+00 2.447368549757110989e-01
4.164496566872432304e+00 2.164013095912310503e-01
2.411200037361405091e+00 1.818875878880801544e-01
6.564510911082865885e-01 1.402637195935139136e-01
-1.098693276736479651e+00 9.169193145726019234e-02
-2.853175832834705439e+00 3.858164596351608411e-02
-4.605939742498499356e+00 -1.453798910361864261e-02
-6.355929206288248423e+00 -6.337993999086830033e-02
-8.102090095986968166e+00 -1.058981316042774956e-01
-9.843370589567960849e+00 -1.420283240154863180e-01
-1.157872180477284019e+01 -1.725856346371751893e-01
-1.330709843091857714e+01 -1.985511420690966866e-01
-1.502745935855351433e+01 -2.207997026126475026e-01
-1.673876830658331016e+01 -2.400402127303191135e-01
-1.843999444648806474e+01 -2.568285228662634534e-01
-2.013011302325462637e+01 -2.715971571274952145e-01
-2.180810597265046624e+01 -2.846838420153194882e-01
-2.347296253446754122e+01 -2.963545268354172979e-01
-2.512367986136588627e+01 -3.068208735347008886e-01
-2.675926362295100347e+01 -3.162532583994434043e-01
-2.837872860472206327e+01 -3.247903857466656330e-01
-2.998109930152934055e+01 -3.325464140220763531e-01
-3.156541050518192293e+01 -3.396162718644011869e-01
-3.313070788585223170e+01 -3.460796573449843039e-01
-3.467604856692848614e+01 -3.520040750037674582e-01
-3.620050169296877129e+01 -3.574471650465254613e-01
-3.770314899041373735e+01 -3.624585076451148358e-01
-3.918308532071917227e+01 -3.670810346232004640e-01
-4.063941922557698661e+01 -3.713521448336957187e-01
-4.207127346389778211e+01 -3.753045938763941991e-01
-4.347778554022897879e+01 -3.789672103973451001e-01
-4.485810822429023403e+01 -3.823654779165607809e-01
-4.621141006131172446e+01 -3.855220114581749957e-01
-4.753687587287039662e+01 -3.884569511675434184e-01
-4.883370724792263218e+01 -3.911882898640035577e-01
-5.010112302373622128e+01 -3.937321475821312644e-01
-5.133835975643616223e+01 -3.961030032337148898e-01
-5.254467218087719971e+01 -3.983138913168597361e-01
-5.371933365956533635e+01 -4.003765699204998585e-01
-5.486163662035525590e+01 -4.023016649866135719e-01
-5.597089298266135415e+01 -4.040987947999425955e-01
-5.704643457192904066e+01 -4.057766779036067750e-01
-5.808761352211865159e+01 -4.073432270352663198e-01
-5.909380266595813680e+01 -4.088056312027321115e-01
-6.006439591272700795e+01 -4.101704276405129246e-01
-6.099880861334454352e+01 -4.114435650873899952e-01
-6.189647791254120079e+01 -4.126304595828563793e-01
-6.275686308789967427e+01 -4.137360437842761418e-01
-6.357944587556562510e+01 -4.147648106470993579e-01
-6.436373078242911561e+01 -4.157208521797877698e-01
-6.510924538458991151e+01 -4.166078938774329110e-01
-6.581554061192713334e+01 -4.174293253487841859e-01
-6.648219101860354385e+01 -4.181882275769701063e-01
-6.710879503933954027e+01 -4.188873971917634886e-01
-6.769497523130070249e+01 -4.195293680785810442e-01
-6.824037850145685979e+01 -4.201164306047361907e-01
-6.874467631927254274e+01 -4.206506487053315868e-01
-6.920756491459965787e+01 -4.211338750384631124e-01
-6.962876546065697880e+01 -4.215677643911596717e-01
-7.000802424198653284e+01 -4.219537854929327203e-01
-7.034511280728209215e+01 -4.222932313723465336e-01
-7.063982810699647530e+01 -4.225872283731189061e-01
-7.089199261565214272e+01 -4.228367439295048769e-01
-7.110145443877779314e+01 -4.230425931857083044e-01
-7.126808740440534962e+01 -4.232054445305344914e-01
-7.139179113906975260e+01 -4.233258241061597649e-01
-7.147249112826715134e+01 -4.234041193385373880e-01
-7.151013876134024372e+01 -4.234405815263659889e-01
-7.150471136076154721e+01 -4.234362614916871159e-01
-7.145621219579180661e+01 -4.234393405776977759e-01
-7.136467048051115114e+01 -4.234448679594673415e-01
-7.123014135622480580e+01 -4.234523176380526333e-01
-7.105270585825005014e+01 -4.234609212389472965e-01
-7.083247086710028384e+01 -4.234696736389732541e-01
-7.056956904409996412e+01 -4.234773401896136380e-01
-7.026415875147645806e+01 -4.234824653726080301e-01
-6.991642395697013512e+01 -4.234833826888680930e-01
-6.952657412301803674e+01 -4.234782255500598724e-01
-6.909484408058077065e+01 -4.234649389139392706e-01
-6.862149388768996516e+01 -4.234412913799872613e-01
-6.810680867279904760e+01 -4.234048874412548180e-01
-6.755109846303402321e+01 -4.233531795715866353e-01
-6.695469799744644490e+01 -4.232834798144348709e-01
-6.631796652537995840e+01 -4.231929705299757871e-01
-6.564128759007014935e+01 -4.230787139507224959e-01
-6.492506879760922800e+01 -4.229376601915953438e-01
-6.416974157141794421e+01 -4.227666533575766827e-01
-6.337576089237108334e+01 -4.225624353895197083e-01
-6.254360502473558370e+01 -4.223216472850479519e-01
-6.167377522808416757e+01 -4.220408273251601838e-01
-6.076679545535874638e+01 -4.217164059262444309e-01
-5.982321203726214520e+01 -4.213446967194738879e-01
-5.884359335316685957e+01 -4.209218834324005565e-01
-5.782852948874165122e+01 -4.204440021078958978e-01
-5.677863188050447008e+01 -4.199069181397622197e-01
-5.569453294751543382e+01 -4.193062975279581162e-01
-5.457688571043231462e+01 -4.186375716541198555e-01
-5.342636339815690860e+01 -4.178958947433393245e-01
-5.224365904230899815e+01 -4.170760930027894164e-01
-5.102948505977033733e+01 -4.161726042014065596e-01
-4.978457282354921176e+01 -4.151794061642387068e-01
-4.850967222222710973e+01 -4.140899322832106155e-01
-4.720555120825334683e+01 -4.128969716707962534e-01
-4.587299533536120322e+01 -4.115925509754523315e-01
-4.451280728538020526e+01 -4.101677940994344351e-01
-4.312580638473036743e+01 -4.086127550601877934e-01
-4.171282811089130860e+01 -4.069162179483164499e-01
-4.027472358914129558e+01 -4.050654562676374026e-01
-3.881235907987012013e+01 -4.030459417738057604e-01
-3.732661545677552795e+01 -4.008409900915219093e-01
-3.581838767625862374e+01 -3.984313266595382319e-01
-3.428858423833773372e+01 -3.957945516151671339e-01
-3.273812663940320533e+01 -3.929044756521286597e-01
-3.116794881714042020e+01 -3.897302900604541209e-01
-2.957899658795838604e+01 -3.862355222279059697e-01
-2.797222707726455937e+01 -3.823767116286245216e-01
-2.634860814292944298e+01 -3.781017189943648438e-01
-2.470911779228675442e+01 -3.733475504246984156e-01
-2.305474359301882714e+01 -3.680375349736846324e-01
-2.138648207828211767e+01 -3.620776334440986011e-01
-1.970533814643228609e+01 -3.553515701652093517e-01
-1.801232445571081087e+01 -3.477143580702202197e-01
-1.630846081425857719e+01 -3.389836175805998053e-01
-1.459477356582281260e+01 -3.289278600053785473e-01
