-8.581529981031735588e+00 -2.748756101584982625e-01
-7.428041725392498407e+00 -2.615396056484228238e-01
-6.270079095170112637e+00 -2.463625398090104890e-01
-5.108339603754450842e+00 -2.290389563163115760e-01
-3.943523039575135058e+00 -2.092306274120739329e-01
-2.776331044575199858e+00 -1.865923961546429033e-01
-1.607466691568230521e+00 -1.608318321298584375e-01
-4.376340607335712507e-01 -1.318210083500638841e-01
7.324621844951011429e-01 -9.976210705254785760e-02
1.902117221892520416e+00 -6.534956621754471617e-02
3.070626495000372547e+00 -2.978850188502173840e-02
4.237286137525836160e+00 5.450864597921619044e-03
5.401393397324429024e+00 3.904661721377977734e-02
6.562247059711661556e+00 7.012962287664532834e-02
7.719147869848404397e+00 9.832789271884133375e-02
8.871398953945753618e+00 1.236349739452905494e-01
1.001830623903588169e+01 1.462472700023293992e-01
1.115917887105596762e+01 1.664441176205463391e-01
1.229332963099273357e+01 1.845189547563854393e-01
1.342007534883726372e+01 2.007464639527729300e-01
1.453873731510110545e+01 2.153701525425123220e-01
1.564864168964545321e+01 2.286001060166005794e-01
1.674911990757718527e+01 2.406152122370321667e-01
1.783950908196716512e+01 2.515669830248212224e-01
1.891915240314798652e+01 2.615836348823874502e-01
1.998739953435218197e+01 2.707738657331231202e-01
2.104360700345177193e+01 2.792301357147627394e-01
2.208713859056194551e+01 2.870314276256616948e-01
2.311736571127595141e+01 2.942455312464708483e-01
2.413366779530016615e+01 3.009309180268648909e-01
2.513543266026192669e+01 3.071382743073587940e-01
2.612205688046476837e+01 3.129117546797244853e-01
2.709294615036987963e+01 3.182900080017702638e-01
2.804751564258429752e+01 3.233070194878825965e-01
2.898519036013912142e+01 3.279928041806957628e-01
2.990540548284671374e+01 3.323739802503439811e-01
3.080760670752736274e+01 3.364742449376750821e-01
3.169125058189989730e+01 3.403147714111714461e-01
3.255580483193602959e+01 3.439145411687978826e-01
3.340074868248225926e+01 3.472906237179041455e-01
3.422557317095559171e+01 3.504584129625207267e-01
3.502978145392475540e+01 3.534318278963992643e-01
3.581288910639167256e+01 3.562234837434547496e-01
3.657442441358949736e+01 3.588448385262835161e-01
3.731392865512504642e+01 3.613063191159773813e-01
3.803095638129534706e+01 3.636174300735035558e-01
3.872507568141001855e+01 3.657868479959984209e-01
3.939586844395802245e+01 3.678225036002433779e-01
4.004293060846244856e+01 3.697316533865657173e-01
4.066587240887203336e+01 3.715209424107687175e-01
4.126431860834031085e+01 3.731964594346988129e-01
4.183790872525269577e+01 3.747637855161116138e-01
4.238629725036906848e+01 3.762280369263375501e-01
4.290915385494722756e+01 3.775939031425600834e-01
4.340616358972038569e+01 3.788656805445153042e-01
4.387702707460918816e+01 3.800473023484219337e-01
4.432146067905627262e+01 3.811423652302299847e-01
4.473919669287534617e+01 3.821541530228274586e-01
4.512998348751106192e+01 3.830856578152663783e-01
4.549358566761087985e+01 3.839395987344108030e-01
4.582978421281851666e+01 3.847184386490894448e-01
4.613837660970298060e+01 3.854243990025528754e-01
4.641917697374454832e+01 3.860594729497490718e-01
4.667201616130400765e+01 3.866254369507677868e-01
4.689674187150846052e+01 3.871238609500653460e-01
4.709321873799185454e+01 3.875561172521617137e-01
4.726132841043544630e+01 3.879233881879327051e-01
4.740096962585811724e+01 3.882266726509741028e-01
4.751205826961300005e+01 3.884667915704558827e-01
4.759452742605551379e+01 3.886443923751271012e-01
4.764832741885096112e+01 3.887599524923980310e-01
4.767342584089741564e+01 3.888137819165221054e-01
4.766980757384563105e+01 3.888074723115941267e-01
4.763747479720400690e+01 3.888157110673587935e-01
4.757644698702622321e+01 3.888309716456652132e-01
4.748676090418008044e+01 3.888527107738914967e-01
4.736847057220609258e+01 3.888801323153007750e-01
4.722164724477720910e+01 3.889121902607944326e-01
4.704637936277688226e+01 3.889475925762059250e-01
4.684277250102489631e+01 3.889848058216632820e-01
4.661094930468254205e+01 3.890220604399289850e-01
4.635104941537437639e+01 3.890573565913492127e-01
4.606322938707377546e+01 3.890884703941458467e-01
4.574766259180348271e+01 3.891129604102505080e-01
4.540453911520263119e+01 3.891281741986872822e-01
4.503406564202487061e+01 3.891312547405558209e-01
4.463646533163815633e+01 3.891191465218470369e-01
4.421197768360229929e+01 3.890886010424259855e-01
4.376085839340394301e+01 3.890361815012825519e-01
4.328337919843482950e+01 3.889582663892246495e-01
4.277982771430718856e+01 3.888510517001098621e-01
4.225050726160493753e+01 3.887105514498960801e-01
4.169573668317493542e+01 3.885325961685129337e-01
4.111585015206873095e+01 3.883128290019070006e-01
4.051119697024996213e+01 3.880466990294917928e-01
3.988214135818687112e+01 3.877294513642877138e-01
3.922906223545861337e+01 3.873561135576287229e-01
3.855235299250873027e+01 3.869214777754530488e-01
3.785242125368104382e+01 3.864200781464763867e-01
3.712968863168286759e+01 3.858461626010495915e-01
3.638459047362196941e+01 3.851936584196752333e-01
3.561757559876883050e+01 3.844561305876846857e-01
3.482910602820415136e+01 3.836267319021708921e-01
3.401965670651432561e+01 3.826981435924450836e-01
3.318971521570279748e+01 3.816625049880409959e-01
3.233978148148917597e+01 3.805113304887209336e-01
3.147036747217202546e+01 3.792354117466971708e-01
3.058199689023921053e+01 3.778247025469596010e-01
2.967520485691084176e+01 3.762681833477580229e-01
2.875053758980211427e+01 3.745537017954482240e-01
2.780855207390153438e+01 3.726677847250041697e-01
2.684981572606365674e+01 3.705954161599787078e-01
2.587490605321680448e+01 3.683197745831101599e-01
2.488441030449318703e+01 3.658219211966718953e-01
2.387892511749196345e+01 3.630804289477152502e-01
2.285905615888889386e+01 3.600709396527628225e-01
2.182541775960775254e+01 3.567656334869475088e-01
2.077863254477017207e+01 3.531325912394020494e-01
1.971933105864860281e+01 3.491350248806638912e-01
1.864815138484943446e+01 3.447303459098962075e-01
1.756573876195519190e+01 3.398690334133734892e-01
1.647274519485672784e+01 3.344932545883710362e-01
1.536982906200955412e+01 3.285351796851679329e-01
1.425765471885144819e+01 3.219149214327807762e-01
1.313689209761958487e+01 3.145380177914743891e-01
1.200821630380836424e+01 3.062923707276124508e-01
1.087230720951135332e+01 2.970445627077791806e-01
9.729849043892036420e+00 2.866355186449978110e-01
8.581529981030122656e+00 2.748756101683954567e-01
7.428041725391212324e+00 2.615396056578787598e-01
6.270079095169217354e+00 2.463625398180568360e-01
5.108339603753687008e+00 2.290389563249712601e-01
3.943523039574072797e+00 2.092306274203578620e-01
2.776331044573595808e+00 1.865923961625507443e-01
1.607466691566216133e+00 1.608318321373779225e-01
4.376340607315923892e-01 1.318210083571671187e-01
-7.324621844965188977e-01 9.976210705918581167e-02
-1.902117221893032895e+00 6.534956622364783418e-02
-3.070626494999942668e+00 2.978850189052230368e-02
-4.237286137524677976e+00 -5.450864593058959290e-03
-5.401393397322826750e+00 -3.904661720954333282e-02
-6.562247059709863883e+00 -7.012962287298123154e-02
-7.719147869846699095e+00 -9.832789271567703160e-02
-8.871398953944559906e+00 -1.236349739425541688e-01
-1.001830623903573247e+01 -1.462472699999576575e-01
-1.115917887105714712e+01 -1.664441176184810189e-01
-1.229332963099522757e+01 -1.845189547545743325e-01
-1.342007534884081643e+01 -2.007464639511708226e-01
-1.453873731510494238e+01 -2.153701525410768869e-01
-1.564864168964859381e+01 -2.286001060152959841e-01
-1.674911990757896163e+01 -2.406152122358333201e-01
-1.783950908196749197e+01 -2.515669830237135529e-01
-1.891915240314770230e+01 -2.615836348813672108e-01
-1.998739953435283567e+01 -2.707738657321926978e-01
-2.104360700345489832e+01 -2.792301357139234663e-01
-2.208713859056812723e+01 -2.870314276249072982e-01
-2.311736571128430739e+01 -2.942455312457858962e-01
-2.413366779530877793e+01 -3.009309180262297878e-01
-2.513543266026881895e+01 -3.071382743067566090e-01
-2.612205688046897478e+01 -3.129117546791466697e-01
-2.709294615037154230e+01 -3.182900080012154298e-01
-2.804751564258414120e+01 -3.233070194873525205e-01
-2.898519036013821193e+01 -3.279928041801933869e-01
-2.990540548284608846e+01 -3.323739802498717477e-01
-3.080760670752702168e+01 -3.364742449372304378e-01
-3.169125058189850463e+01 -3.403147714107463973e-01
-3.255580483193159580e+01 -3.439145411683827147e-01
-3.340074868247327800e+01 -3.472906237174920863e-01
-3.422557317094197771e+01 -3.504584129621111654e-01
-3.502978145390815712e+01 -3.534318278959977522e-01
-3.581288910637442058e+01 -3.562234837430688916e-01
-3.657442441357272855e+01 -3.588448385259157547e-01
-3.731392865510850498e+01 -3.613063191156256626e-01
-3.803095638127880562e+01 -3.636174300731659370e-01
-3.872507568139521084e+01 -3.657868479956791208e-01
-3.939586844394887066e+01 -3.678225035999528325e-01
-4.004293060846301699e+01 -3.697316533863139743e-01
-4.066587240888459576e+01 -3.715209424105598846e-01
-4.126431860836532195e+01 -3.731964594345318909e-01
-4.183790872528975768e+01 -3.747637855159833276e-01
-4.238629725041641905e+01 -3.762280369262412938e-01
-4.290915385500117196e+01 -3.775939031424848102e-01
-4.340616358977614908e+01 -3.788656805444478581e-01
-4.387702707466242202e+01 -3.800473023483510460e-01
-4.432146067910441900e+01 -3.811423652301493825e-01
-4.473919669291834822e+01 -3.821541530227371974e-01
-4.512998348755076705e+01 -3.830856578151708436e-01
-4.549358566765067025e+01 -3.839395987343179883e-01
-4.582978421286160398e+01 -3.847184386490065666e-01
-4.613837660975078592e+01 -3.854243990024827649e-01
-4.641917697379607688e+01 -3.860594729496888422e-01
-4.667201616135650255e+01 -3.866254369507111099e-01
-4.689674187155859642e+01 -3.871238609500046168e-01
-4.709321873803659031e+01 -3.875561172520901598e-01
-4.726132841047228084e+01 -3.879233881878448864e-01
-4.740096962588531682e+01 -3.882266726508662447e-01
-4.751205826963079204e+01 -3.884667915703285401e-01
-4.759452742606620035e+01 -3.886443923749851037e-01
-4.764832741885746970e+01 -3.887599524922475402e-01
-4.767342584090093993e+01 -3.888137819163655085e-01
-4.766980757384381207e+01 -3.888074723114282039e-01
-4.763747479719249611e+01 -3.888157110671954797e-01
-4.757644698700178054e+01 -3.888309716455054521e-01
-4.748676090414316064e+01 -3.888527107737351773e-01
-4.736847057216058943e+01 -3.888801323151468425e-01
-4.722164724472803954e+01 -3.889121902606417769e-01
-4.704637936272842325e+01 -3.889475925760536579e-01
-4.684277250097990475e+01 -3.889848058215108484e-01
-4.661094930464226849e+01 -3.890220604397764403e-01
-4.635104941533990086e+01 -3.890573565911968901e-01
-4.606322938704657588e+01 -3.890884703939938016e-01
-4.574766259178432648e+01 -3.891129604100994066e-01
-4.540453911519114882e+01 -3.891281741985376796e-01
-4.503406564201964102e+01 -3.891312547404084388e-01
-4.463646533163727526e+01 -3.891191465217023748e-01
-4.421197768360374880e+01 -3.890886010422843766e-01
-4.376085839340502304e+01 -3.890361815011439406e-01
-4.328337919843269788e+01 -3.889582663890885916e-01
-4.277982771430028208e+01 -3.888510516999756916e-01
-4.225050726159345515e+01 -3.887105514497634640e-01
-4.169573668316046877e+01 -3.885325961683819274e-01
-4.111585015205287164e+01 -3.883128290017779372e-01
-4.051119697023279542e+01 -3.880466990293646168e-01
-3.988214135816791384e+01 -3.877294513641620366e-01
-3.922906223543897397e+01 -3.873561135575048775e-01
-3.855235299249122249e+01 -3.869214777753327006e-01
-3.785242125366967514e+01 -3.864200781463629775e-01
-3.712968863168153177e+01 -3.858461626009471734e-01
-3.638459047363302545e+01 -3.851936584195875812e-01
-3.561757559879253421e+01 -3.844561305876142421e-01
-3.482910602823865531e+01 -3.836267319021181010e-01
-3.401965670655553708e+01 -3.826981435924071140e-01
-3.318971521574494687e+01 -3.816625049880121301e-01
-3.233978148152711896e+01 -3.805113304886941217e-01
-3.147036747220417041e+01 -3.792354117466692487e-01
-3.058199689026862700e+01 -3.778247025469342324e-01
-2.967520485694221932e+01 -3.762681833477432569e-01
-2.875053758983860774e+01 -3.745537017954507775e-01
-2.780855207394357009e+01 -3.726677847250269293e-01
-2.684981572610766776e+01 -3.705954161600158447e-01
-2.587490605325635329e+01 -3.683197745831472969e-01
-2.488441030452243297e+01 -3.658219211966927120e-01
-2.387892511750836277e+01 -3.630804289477084779e-01
-2.285905615889345555e+01 -3.600709396527261297e-01
-2.182541775960360297e+01 -3.567656334868853363e-01
-2.077863254476134713e+01 -3.531325912393239452e-01
-1.971933105863852731e+01 -3.491350248805801249e-01
-1.864815138484015478e+01 -3.447303459098144396e-01
-1.756573876194740436e+01 -3.398690334132970503e-01
-1.647274519485002031e+01 -3.344932545882987052e-01
-1.536982906200300292e+01 -3.285351796850948802e-01
-1.425765471884404434e+01 -3.219149214327004516e-01
-1.313689209761006360e+01 -3.145380177913761899e-01
-1.200821630379565974e+01 -3.062923707274839979e-01
-1.087230720949529506e+01 -2.970445627076119255e-01
-9.729849043873690206e+00 -2.866355186447928638e-01
-8.581529981011399855e+00 -2.748756101681650299e-01
-7.428041725373960347e+00 -2.615396056576405615e-01
-6.270079095154761362e+00 -2.463625398178298787e-01
-5.108339603742925839e+00 -2.290389563247758331e-01
-3.943523039567500277e+00 -2.092306274202153649e-01
-2.776331044571064499e+00 -1.865923961624763316e-01
-1.607466691566871608e+00 -1.608318321373726489e-01
-4.376340607341414612e-01 -1.318210083572147751e-01
7.324621844933894010e-01 -9.976210705925780964e-02
1.902117221890312404e+00 -6.534956622370129142e-02
3.070626494998125455e+00 -2.978850189054173953e-02
4.237286137523807561e+00 5.450864593064983117e-03
5.401393397322691747e+00 3.904661720956724424e-02
6.562247059710212049e+00 7.012962287301403863e-02
7.719147869847288845e+00 9.832789271571133749e-02
8.871398953945121235e+00 1.236349739425837840e-01
1.001830623903595274e+01 1.462472699999775028e-01
1.115917887105669237e+01 1.664441176184872362e-01
1.229332963099379228e+01 1.845189547545649233e-01
1.342007534883831532e+01 2.007464639511474802e-01
1.453873731510180178e+01 2.153701525410475492e-01
1.564864168964532531e+01 2.286001060152676456e-01
1.674911990757552260e+01 2.406152122358054535e-01
1.783950908196338503e+01 2.515669830236813564e-01
1.891915240314223112e+01 2.615836348813251888e-01
1.998739953434548866e+01 2.707738657321380193e-01
2.104360700344560442e+01 2.792301357138573525e-01
2.208713859055781015e+01 2.870314276248380203e-01
2.311736571127494244e+01 2.942455312457273320e-01
2.413366779530241146e+01 3.009309180261937056e-01
2.513543266026655942e+01 3.071382743067472276e-01
2.612205688047014007e+01 3.129117546791572169e-01
2.709294615037434184e+01 3.182900080012342481e-01
2.804751564258694074e+01 3.233070194873703396e-01
2.898519036014000250e+01 3.279928041802054328e-01
2.990540548284625899e+01 3.323739802498756890e-01
3.080760670752585639e+01 3.364742449372282174e-01
3.169125058189785094e+01 3.403147714107463973e-01
3.255580483193384111e+01 3.439145411683944831e-01
3.340074868247972972e+01 3.472906237175198418e-01
3.422557317095215268e+01 3.504584129621518551e-01
3.502978145391935527e+01 3.534318278960407178e-01
3.581288910638229339e+01 3.562234837430987011e-01
3.657442441357389384e+01 3.588448385259218054e-01
3.731392865510270695e+01 3.613063191156087317e-01
3.803095638126848854e+01 3.636174300731351283e-01
3.872507568138284739e+01 3.657868479956429275e-01
3.939586844393497245e+01 3.678225035999130310e-01
4.004293060844647556e+01 3.697316533862676224e-01
4.066587240886319421e+01 3.715209424105009317e-01
4.126431860833621812e+01 3.731964594344530095e-01
4.183790872525104731e+01 3.747637855158803544e-01
4.238629725036898321e+01 3.762280369261175039e-01
4.290915385494836443e+01 3.775939031423496961e-01
4.340616358972180677e+01 3.788656805443115783e-01
4.387702707461012608e+01 3.800473023482224821e-01
4.432146067905695475e+01 3.811423652300348075e-01
4.473919669287682410e+01 3.821541530226387762e-01
4.512998348751430200e+01 3.830856578150860225e-01
4.549358566761690525e+01 3.839395987342406058e-01
4.582978421282826531e+01 3.847184386489310715e-01
4.613837660971588406e+01 3.854243990024045496e-01
4.641917697375742335e+01 3.860594729496031330e-01
4.667201616131273312e+01 3.866254369506147981e-01
4.689674187151084794e+01 3.871238609499004224e-01
4.709321873798887026e+01 3.875561172519867981e-01
4.726132841043013144e+01 3.879233881877543477e-01
4.740096962585382556e+01 3.882266726507993537e-01
4.751205826961234635e+01 3.884667915702900154e-01
4.759452742605889597e+01 3.886443923749706153e-01
4.764832741885553702e+01 3.887599524922445982e-01
4.767342584089735880e+01 3.888137819163590692e-01
4.766980757383406342e+01 3.888074723114109954e-01
4.763747479717623889e+01 3.888157110671799921e-01
4.757644698698123165e+01 3.888309716454909637e-01
4.748676090412059381e+01 3.888527107737211330e-01
4.736847057213816470e+01 3.888801323151325207e-01
4.722164724470805908e+01 3.889121902606267889e-01
4.704637936271281973e+01 3.889475925760375596e-01
4.684277250097120771e+01 3.889848058214935289e-01
4.661094930464286534e+01 3.890220604397576776e-01
4.635104941535021794e+01 3.890573565911771836e-01
4.606322938706445314e+01 3.890884703939739286e-01
4.574766259180604067e+01 3.891129604100801442e-01
4.540453911521218089e+01 3.891281741985195830e-01
4.503406564203530138e+01 3.891312547403913413e-01
4.463646533164421015e+01 3.891191465216857770e-01
4.421197768360212876e+01 3.890886010422676122e-01
4.376085839339936712e+01 3.890361815011268987e-01
4.328337919842979886e+01 3.889582663890721048e-01
4.277982771430562536e+01 3.888510516999614808e-01
4.225050726160951342e+01 3.887105514497529724e-01
4.169573668318641779e+01 3.885325961683762652e-01
4.111585015208564187e+01 3.883128290017770490e-01
4.051119697026891942e+01 3.880466990293677254e-01
3.988214135820446415e+01 3.877294513641681983e-01
3.922906223547293791e+01 3.873561135575123160e-01
3.855235299251978631e+01 3.869214777753394174e-01
3.785242125369067878e+01 3.864200781463665302e-01
3.712968863169366784e+01 3.858461626009453416e-01
3.638459047363626553e+01 3.851936584195790325e-01
3.561757559878756041e+01 3.844561305875981438e-01
3.482910602822586554e+01 3.836267319020933986e-01
3.401965670653572715e+01 3.826981435923731412e-01
3.318971521572036210e+01 3.816625049879702192e-01
3.233978148150097098e+01 3.805113304886477144e-01
3.147036747217932984e+01 3.792354117466221197e-01
3.058199689024660017e+01 3.778247025468891018e-01
2.967520485692354626e+01 3.762681833477014015e-01
2.875053758982277685e+01 3.745537017954122527e-01
2.780855207392879080e+01 3.726677847249885156e-01
2.684981572609250478e+01 3.705954161599745444e-01
2.587490605324036608e+01 3.683197745831016112e-01
2.488441030450569258e+01 3.658219211966420858e-01
2.387892511749102553e+01 3.630804289476529667e-01
2.285905615887623199e+01 3.600709396526670658e-01
2.182541775958791419e+01 3.567656334868271606e-01
2.077863254474814525e+01 3.531325912392704880e-01
1.971933105862806812e+01 3.491350248805335510e-01
1.864815138483240986e+01 3.447303459097760259e-01
1.756573876194244477e+01 3.398690334132687396e-01
1.647274519484815869e+01 3.344932545882843833e-01
1.536982906200458032e+01 3.285351796850992656e-01
1.425765471884951552e+01 3.219149214327302611e-01
1.313689209762040200e+01 3.145380177914435249e-01
1.200821630381183880e+01 3.062923707276044571e-01
1.087230720951737872e+01 2.970445627077979989e-01
9.729849043900179240e+00 2.866355186450449954e-01
8.581529981039480504e+00 2.748756101684673436e-01
7.428041725400655437e+00 2.615396056579665229e-01
6.270079095177935713e+00 2.463625398181515658e-01
5.108339603761655745e+00 2.290389563250720684e-01
3.943523039581853240e+00 2.092306274204740746e-01
2.776331044581621388e+00 1.865923961626927696e-01
1.607466691574270135e+00 1.608318321375439008e-01
4.376340607388576887e-01 1.318210083573361224e-01
-7.324621844909864343e-01 9.976210705932440914e-02
-1.902117221889803478e+00 6.534956622371458634e-02
-3.070626494998999423e+00 2.978850189052408004e-02
-4.237286137525498653e+00 -5.450864593107268737e-03
-5.401393397324645740e+00 -3.904661720961503935e-02
-6.562247059711974195e+00 -7.012962287305339604e-02
-7.719147869848560717e+00 -9.832789271573584566e-02
-8.871398953945718091e+00 -1.236349739425919303e-01
-1.001830623903567563e+01 -1.462472699999685932e-01
-1.115917887105554129e+01 -1.664441176184646431e-01
-1.229332963099204434e+01 -1.845189547545355024e-01
-1.342007534883641817e+01 -2.007464639511188920e-01
-1.453873731510030964e+01 -2.153701525410265938e-01
-1.564864168964502689e+01 -2.286001060152620667e-01
-1.674911990757725633e+01 -2.406152122358216072e-01
-1.783950908196733565e+01 -2.515669830237176052e-01
-1.891915240314804336e+01 -2.615836348813753709e-01
-1.998739953435289252e+01 -2.707738657321978604e-01
-2.104360700345461410e+01 -2.792301357139256313e-01
-2.208713859056815565e+01 -2.870314276249115171e-01
-2.311736571128565743e+01 -2.942455312457987748e-01
-2.413366779531251538e+01 -3.009309180262570438e-01
-2.513543266027582490e+01 -3.071382743068020171e-01
-2.612205688047944818e+01 -3.129117546792092308e-01
-2.709294615038465892e+01 -3.182900080012889821e-01
-2.804751564259852259e+01 -3.233070194874287928e-01
-2.898519036015265016e+01 -3.279928041802662730e-01
-2.990540548286015721e+01 -3.323739802499394713e-01
-3.080760670754114727e+01 -3.364742449372954414e-01
-3.169125058191359656e+01 -3.403147714108126776e-01
-3.255580483194842145e+01 -3.439145411684532694e-01
-3.340074868249081419e+01 -3.472906237175626409e-01
-3.422557317095743912e+01 -3.504584129621711730e-01
-3.502978145391813314e+01 -3.534318278960356663e-01
-3.581288910637689327e+01 -3.562234837430791612e-01
-3.657442441357017060e+01 -3.588448385259085938e-01
-3.731392865510756707e+01 -3.613063191156239973e-01
-3.803095638128602474e+01 -3.636174300731901399e-01
-3.872507568141243439e+01 -3.657868479957334107e-01
-3.939586844397209120e+01 -3.678225036000235537e-01
-4.004293060848467434e+01 -3.697316533863782562e-01
-4.066587240889636234e+01 -3.715209424105944125e-01
-4.126431860836080290e+01 -3.731964594345205111e-01
-4.183790872526645188e+01 -3.747637855159214326e-01
-4.238629725037708340e+01 -3.762280369261384871e-01
-4.290915385495274137e+01 -3.775939031423606318e-01
-4.340616358972661004e+01 -3.788656805443232911e-01
-4.387702707461808416e+01 -3.800473023482417445e-01
-4.432146067906903397e+01 -3.811423652300638953e-01
-4.473919669289302448e+01 -3.821541530226771899e-01
-4.512998348753379929e+01 -3.830856578151316527e-01
-4.549358566763790890e+01 -3.839395987342891226e-01
-4.582978421284835946e+01 -3.847184386489769237e-01
-4.613837660973310761e+01 -3.854243990024433519e-01
-4.641917697377132157e+01 -3.860594729496339972e-01
-4.667201616132435760e+01 -3.866254369506403332e-01
-4.689674187152139240e+01 -3.871238609499233485e-01
-4.709321873799765257e+01 -3.875561172520056719e-01
-4.726132841043476418e+01 -3.879233881877640622e-01
-4.740096962585186446e+01 -3.882266726507947463e-01
-4.751205826960356404e+01 -3.884667915702706975e-01
-4.759452742604650410e+01 -3.886443923749436924e-01
-4.764832741884476519e+01 -3.887599524922212280e-01
-4.767342584089349344e+01 -3.888137819163504094e-01
-4.766980757384102674e+01 -3.888074723114212095e-01
-4.763747479719454248e+01 -3.888157110671873196e-01
-4.757644698700743646e+01 -3.888309716454964593e-01
-4.748676090414986817e+01 -3.888527107737260735e-01
-4.736847057216670009e+01 -3.888801323151380163e-01
-4.722164724473352493e+01 -3.889121902606332282e-01
-4.704637936273331178e+01 -3.889475925760453312e-01
-4.684277250098431011e+01 -3.889848058215027993e-01
-4.661094930464675912e+01 -3.890220604397686133e-01
-4.635104941534535783e+01 -3.890573565911891185e-01
-4.606322938705385184e+01 -3.890884703939860856e-01
-4.574766259179330774e+01 -3.891129604100919126e-01
-4.540453911519936270e+01 -3.891281741985306852e-01
-4.503406564202268214e+01 -3.891312547404017774e-01
-4.463646533163096564e+01 -3.891191465216954914e-01
-4.421197768358663893e+01 -3.890886010422763275e-01
-4.376085839338009720e+01 -3.890361815011341151e-01
-4.328337919840615200e+01 -3.889582663890773784e-01
-4.277982771427862474e+01 -3.888510516999643674e-01
-4.225050726158072223e+01 -3.887105514497538050e-01
-4.169573668315705817e+01 -3.885325961683749885e-01
-4.111585015205611171e+01 -3.883128290017737183e-01
-4.051119697023916189e+01 -3.880466990293622298e-01
-3.988214135817476347e+01 -3.877294513641604268e-01
-3.922906223544457305e+01 -3.873561135575031011e-01
-3.855235299249443415e+01 -3.869214777753298695e-01
-3.785242125366964672e+01 -3.864200781463580925e-01
-3.712968863167695588e+01 -3.858461626009386247e-01
-3.638459047362154308e+01 -3.851936584195725377e-01
-3.561757559877127477e+01 -3.844561305875885404e-01
-3.482910602820599877e+01 -3.836267319020780220e-01
-3.401965670651355822e+01 -3.826981435923528241e-01
-3.318971521569947214e+01 -3.816625049879490694e-01
-3.233978148148474219e+01 -3.805113304886305614e-01
-3.147036747216889907e+01 -3.792354117466117391e-01
-3.058199689024080214e+01 -3.778247025468848830e-01
-2.967520485692013565e+01 -3.762681833477004578e-01
-2.875053758982024732e+01 -3.745537017954123082e-01
-2.780855207392754025e+01 -3.726677847249906250e-01
-2.684981572609419587e+01 -3.705954161599828156e-01
-2.587490605324674675e+01 -3.683197745831212622e-01
-2.488441030451701863e+01 -3.658219211966758921e-01
-2.387892511750574798e+01 -3.630804289476985969e-01
-2.285905615889182130e+01 -3.600709396527187467e-01
-2.182541775960213926e+01 -3.567656334868782309e-01
-2.077863254476028132e+01 -3.531325912393179500e-01
-1.971933105863892521e+01 -3.491350248805796253e-01
-1.864815138484303958e+01 -3.447303459098248202e-01
-1.756573876195296080e+01 -3.398690334133213087e-01
-1.647274519485783628e+01 -3.344932545883371744e-01
-1.536982906201255261e+01 -3.285351796851473383e-01
-1.425765471885474511e+01 -3.219149214327658437e-01
-1.313689209762152466e+01 -3.145380177914541275e-01
-1.200821630380720606e+01 -3.062923707275716501e-01
-1.087230720950571872e+01 -2.970445627077004658e-01
-9.729849043881875659e+00 -2.866355186448708570e-01
