0.000000000000000000e+00 0.000000000000000000e+00
3.285086965930557323e-05 2.132248200452961066e-07
8.703214648769343285e-04 5.670919430574833573e-06
7.394338176877265738e-03 4.819766319585182523e-05
3.371190840441650599e-02 2.198838042180153789e-04
1.039961145148245170e-01 6.794373060059227159e-04
2.460528956818718027e-01 1.612865550756160948e-03
4.812267051912259008e-01 3.171487704604243618e-03
8.166959395095481078e-01 5.423153174682495033e-03
1.243927720627578282e+00 8.337842747879501207e-03
1.742962731370098162e+00 1.180699790611415903e-02
2.289377308776111342e+00 1.568165475093378364e-02
2.860544302185313192e+00 1.981164392441740404e-02
3.439344250919772694e+00 2.407345770951599753e-02
4.015178582968307985e+00 2.838244171208476052e-02
4.583104320559507450e+00 3.269153594331142970e-02
5.142116338495618777e+00 3.698205694479573397e-02
5.693380720745301993e+00 4.125218417096813972e-02
6.238870755589166706e+00 4.550712533506768437e-02
6.780544103629317476e+00 4.975273664776683896e-02
7.319993661535126428e+00 5.399259671090677476e-02
7.858412688577642413e+00 5.822755510357487119e-02
8.396710057853766784e+00 6.245654418561260440e-02
8.935654762886281688e+00 6.667768437907652113e-02
9.475984833246737793e+00 7.088913104813179822e-02
1.001846214258046608e+01 7.508949034376943832e-02
1.056388242838737668e+01 7.927787162859604997e-02
1.111306017973304527e+01 8.345373778229017714e-02
1.166680662545507730e+01 8.761670510087332664e-02
1.222591231191826822e+01 9.176638712938668674e-02
1.279113855382655274e+01 9.590231521111908242e-02
1.336321695067313620e+01 1.000239260094581001e-01
1.394285380973470367e+01 1.041305879531019829e-01
1.453073614109213807e+01 1.082216388318664596e-01
1.512753689938385904e+01 1.122964164242141322e-01
1.573391844462276623e+01 1.163542751841008943e-01
1.635053422002562939e+01 1.203945901217777503e-01
1.697802919256725929e+01 1.244167527995371364e-01
1.761703971799020962e+01 1.284201646434873223e-01
1.826819334042138365e+01 1.324042311557209473e-01
1.893210879144677961e+01 1.363683585674627108e-01
1.960939623756237182e+01 1.403119529023123813e-01
2.030065769466907710e+01 1.442344206213797553e-01
2.100648748613517469e+01 1.481351698919514126e-01
2.172747263964645015e+01 1.520136117777862172e-01
2.246419316319477133e+01 1.558691610174898212e-01
2.321722218500874035e+01 1.597012363588579675e-01
2.398712597161949489e+01 1.635092605824488288e-01
2.477446384973159255e+01 1.672926603873906293e-01
2.557978805546268219e+01 1.710508662743734087e-01
2.640364352562292183e+01 1.747833124957040851e-01
2.724656763593175413e+01 1.784894370853413459e-01
2.810908988392734287e+01 1.821686819482903064e-01
2.899173151085193112e+01 1.858204929785113313e-01
2.989500505636591399e+01 1.894443201796853493e-01
3.081941384121685346e+01 1.930396177745169750e-01
3.176545137467224578e+01 1.966058442988858346e-01
3.273360068479695428e+01 2.001424626838654852e-01
3.372433357019521338e+01 2.036489403310383361e-01
3.473810977171509506e+01 2.071247491859193879e-01
3.577537606209789800e+01 2.105693658123619361e-01
3.683656525091947742e+01 2.139822714688547067e-01
3.792209510160221697e+01 2.173629521862915359e-01
3.903236715686671232e+01 2.207108988462578580e-01
4.016776546873477116e+01 2.240256072589196235e-01
4.132865522904026534e+01 2.273065782399209256e-01
4.251538129630622365e+01 2.305533176860795064e-01
4.372826661474701382e+01 2.337653366499232999e-01
4.496761052103649803e+01 2.369421514132095119e-01
4.623368693435585186e+01 2.400832835595608228e-01
4.752674242512298974e+01 2.431882600463148858e-01
4.884699415772699638e+01 2.462566132756494608e-01
5.019462770253062445e+01 2.492878811649642534e-01
5.156979471241405122e+01 2.522816072164812962e-01
5.297261045921393219e+01 2.552373405860290378e-01
5.440315122556658167e+01 2.581546361509760024e-01
5.586145154791425682e+01 2.610330545772930888e-01
5.734750130678366276e+01 2.638721623857224197e-01
5.886124266093609236e+01 2.666715320170603976e-01
6.040256682260294951e+01 2.694307418965478651e-01
6.197131067179440578e+01 2.721493764973392238e-01
6.356725320867190021e+01 2.748270264030704957e-01
6.519011184415809623e+01 2.774632883695234975e-01
6.683953853037500892e+01 2.800577653853529303e-01
6.851511573422244794e+01 2.826100667318696691e-01
7.021635225941885494e+01 2.851198080418756997e-01
7.194267892467009062e+01 2.875866113575528682e-01
7.369344410831354253e+01 2.900101051873841818e-01
7.546790917287769673e+01 2.923899245621037202e-01
7.726524378648153402e+01 2.947257110896595034e-01
7.908452116192978565e+01 2.970171130091872058e-01
8.092471323872401001e+01 2.992637852439877233e-01
8.278468583802599312e+01 3.014653894534980449e-01
8.466319382587298037e+01 3.036215940842399430e-01
8.655887632565382717e+01 3.057320744197385420e-01
8.847025202697540180e+01 3.077965126294128773e-01
9.039571464453074157e+01 3.098145978164467684e-01
9.233352858732824586e+01 3.117860260646203585e-01
9.428182490562778639e+01 3.137105004840876066e-01
9.623859759001656755e+01 3.155877312560877446e-01
9.820170030411645712e+01 3.174174356765877003e-01
1.001688436392601318e+02 3.191993381988483258e-01
1.021375929859373173e+02 3.209331704749157077e-01
1.041053671226356698e+02 3.226186713960276786e-01
1.060694376276776865e+02 3.242555871319374172e-01
1.080269292234542888e+02 3.258436711691433119e-01
1.099748211648170013e+02 3.273826843480133753e-01
1.119099497840004176e+02 3.288723948988029333e-01
1.138290123029727283e+02 3.303125784765764128e-01
1.157285720201441990e+02 3.317030181949930934e-01
1.176050649717932970e+02 3.330435046589583781e-01
1.194548081589725399e+02 3.343338359961519624e-01
1.212740094177912482e+02 3.355738178874259625e-01
1.230587789947383328e+02 3.367632635960706167e-01
1.248051428689703783e+02 3.379019939959390095e-01
1.265090578402737265e+02 3.389898375984188306e-01
1.281664283748677633e+02 3.400266305782576048e-01
1.297731251715341045e+02 3.410122167982422292e-01
1.313250053781415829e+02 3.419464478327202683e-01
1.328179343540527668e+02 3.428291829899451915e-01
1.342478088378640848e+02 3.436602893332506570e-01
1.356105813432121181e+02 3.444396417010716638e-01
1.369022855688510560e+02 3.451671227257965269e-01
1.381190625740720179e+02 3.458426228514440703e-01
1.392571874378510870e+02 3.464660403501724772e-01
1.403130960909671501e+02 3.470372813376040311e-01
1.412834119859846567e+02 3.475562597869593651e-01
1.421649722514892176e+02 3.480228975420056048e-01
1.429548529652560092e+02 3.484371243288264530e-01
1.436503931768990583e+02 3.487988777663985629e-01
1.442492173147455219e+02 3.491081033759809715e-01
1.447492556244404796e+02 3.493647545893253659e-01
1.451487623081996503e+02 3.495687927556976327e-01
1.454463310635371442e+02 3.497201871476977031e-01
1.456409077581974145e+02 3.498189149658844643e-01
1.457318000230005737e+02 3.498649613422079030e-01
1.456695837002183112e+02 3.498583193422489801e-01
1.436528370255379627e+02 3.497989899662614088e-01
1.412153708182781884e+02 3.496869821490257713e-01
1.386598990279809982e+02 3.495223127585086464e-01
1.360578080919887611e+02 3.493050065933161474e-01
1.334337609649779210e+02 3.490350963789592420e-01
1.307988552630401955e+02 3.487126227629347985e-01
1.281591783992741966e+02 3.483376343086005966e-01
1.255186473543711685e+02 3.479101874878474665e-01
1.228801286157964512e+02 3.474303466725948697e-01
1.202459379091307881e+02 3.468981841251066456e-01
1.176180843452085867e+02 3.463137799871053857e-01
1.149983978501065991e+02 3.456772222676980921e-01
1.123885987503497006e+02 3.449886068301283304e-01
1.097903367073318037e+02 3.442480373773441626e-01
1.072052124821660897e+02 3.434556254363757000e-01
1.046347896270716262e+02 3.426114903415410917e-01
1.020806000394569111e+02 3.417157592164769553e-01
9.954414566821122889e+01 3.407685669549936347e-01
9.702689776442345249e+01 3.397700562007653358e-01
9.453029456001935671e+01 3.387203773258459782e-01
9.205573795887760014e+01 3.376196884080171490e-01
8.960458964303963114e+01 3.364681552069758719e-01
8.717816688191805952e+01 3.352659511393776270e-01
8.477773825719708611e+01 3.340132572527325094e-01
8.240451946468071753e+01 3.327102621981365971e-01
8.005966931752283244e+01 3.313571622018545715e-01
7.774428604739310344e+01 3.299541610357623611e-01
7.545940397802898758e+01 3.285014699866677934e-01
7.320599062723215411e+01 3.269993078245042040e-01
7.098494427759530367e+01 3.254479007693842352e-01
6.879709204241066800e+01 3.238474824575212629e-01
6.664318844086487559e+01 3.221982939060356599e-01
6.452391448557173703e+01 3.205005834766556094e-01
6.243987727567600388e+01 3.187546068383139697e-01
6.039161008016328935e+01 3.169606269286472933e-01
5.837957288861490923e+01 3.151189139144117690e-01
5.640415340041366221e+01 3.132297451508073149e-01
5.446566841841153916e+01 3.112934051397121538e-01
5.256436560922645640e+01 3.093101854868268163e-01
5.070042558964428281e+01 3.072803848577509434e-01
4.887396429692918787e+01 3.052043089329969372e-01
4.708503560018643697e+01 3.030822703619546754e-01
4.533363411013372968e+01 3.009145887158173327e-01
4.361969814562034742e+01 2.987015904394633159e-01
4.194311281689803650e+01 2.964436088022945892e-01
4.030371318785569912e+01 2.941409838480388284e-01
3.870128748207007874e+01 2.917940623435401060e-01
3.713558030045551561e+01 2.894031977265492106e-01
3.560629582143150174e+01 2.869687500524976120e-01
3.411310095781231411e+01 2.844910859402621783e-01
3.265562844792785313e+01 2.819705785169447920e-01
3.123347986172657542e+01 2.794076073616786893e-01
2.984622850576077724e+01 2.768025584484783974e-01
2.849342221393344587e+01 2.741558240881227237e-01
2.717458601369717641e+01 2.714678028690687417e-01
2.588922465999774403e+01 2.687388995974245853e-01
2.463682503159560611e+01 2.659695252359886020e-01
2.341685838650866103e+01 2.631600968423623010e-01
2.222878247518458750e+01 2.603110375061425952e-01
2.107204351163688116e+01 2.574227762852003276e-01
1.994607800417147914e+01 2.544957481410500266e-01
1.885031444851525606e+01 2.515303938733446376e-01
1.778417488711678374e+01 2.485271600535081671e-01
1.674707633916389327e+01 2.454864989574992995e-01
1.573843210647606483e+01 2.424088684977019625e-01
1.475765296089382872e+01 2.392947321539555527e-01
1.380414821911189094e+01 2.361445589037453052e-01
1.287732671110788552e+01 2.329588231515791474e-01
1.197659764841253249e+01 2.297380046575493162e-01
1.110137139848497867e+01 2.264825884650780441e-01
1.025106017140746495e+01 2.231930648278675211e-01
9.425078624996963583e+00 2.198699291360739216e-01
8.622844394261058198e+00 2.165136818416992515e-01
7.843778550932151816e+00 2.131248283832261614e-01
7.087305998579633837e+00 2.097038791095071630e-01
6.352855808547403171e+00 2.062513492029160456e-01
5.639861501698500312e+00 2.027677586017692102e-01
4.947761280673173445e+00 1.992536319220184482e-01
4.275998217092318754e+00 1.957094983782345088e-01
3.624020397858557008e+00 1.921358917038950009e-01
2.991281034435400166e+00 1.885333500710070498e-01
2.377238538712166172e+00 1.849024160090753099e-01
1.781356568799465023e+00 1.812436363234095349e-01
1.203104047851643710e+00 1.775575620127745335e-01
6.419551587762210021e-01 1.738447481864062727e-01
9.738931746078660634e-02 1.701057539804125829e-01
-4.311088730695290527e-01 1.663411424735692923e-01
-9.440496853546588296e-01 1.625514806025211145e-01
-1.441938345042707903e+00 1.587373390764067749e-01
-1.925275121434939951e+00 1.548992922909128156e-01
-2.394555429359764620e+00 1.510379182417664889e-01
-2.850269940856120510e+00 1.471537984376924957e-01
-3.292904705292316159e+00 1.432475178128438664e-01
-3.722941276679210265e+00 1.393196646387159787e-01
-4.140856847058809187e+00 1.353708304355535352e-01
-4.547124384961475307e+00 1.314016098832646029e-01
-4.942212778027640141e+00 1.274126007318625575e-01
-5.326586978985181631e+00 1.234044037114519488e-01
-5.700708154261223903e+00 1.193776224417617410e-01
-6.065033834584857786e+00 1.153328633412386423e-01
-6.420018067007974061e+00 1.112707355357231698e-01
-6.766111567837576501e+00 1.071918507667199844e-01
-7.103761876031972733e+00 1.030968232992702377e-01
-7.433413506665176307e+00 9.898626982944629116e-02
-7.755508104112343482e+00 9.486080939148255897e-02
-8.070484594652047150e+00 9.072106326455327274e-02
-8.378779338219814576e+00 8.656765487920428659e-02
-8.680826279080326557e+00 8.240120972346108574e-02
-8.977057095216125049e+00 7.822235524863296874e-02
-9.267901346258216932e+00 7.403172077482567115e-02
-9.553786619807018710e+00 6.982993739617276985e-02
-9.835138676012963543e+00 6.561763788579508261e-02
-1.011238159030254558e+01 6.139545660050614584e-02
-1.038593789415092594e+01 5.716402938527855027e-02
-1.065622871381449421e+01 5.292399347748742711e-02
-1.092367390694746021e+01 4.867598741094678050e-02
-1.118869219696896167e+01 4.442065091974862351e-02
-1.145170130551191434e+01 4.015862484191919102e-02
-1.171311808190639780e+01 3.589055102290956978e-02
-1.197335863097203834e+01 3.161707221893571285e-02
-1.223283843805653426e+01 2.733883200018324966e-02
-1.249197249167595558e+01 2.305647465389053241e-02
-1.275117540362762014e+01 1.877064508732204789e-02
-1.301086152651548389e+01 1.448198873064671099e-02
-1.327144506862156526e+01 1.019115143973738438e-02
-1.353334020605069377e+01 5.898779398907208309e-03
-1.379696119206800731e+01 1.605519023597029409e-03
-1.406272246353954714e+01 -2.687983136972278263e-03
-1.433103874437581737e+01 -6.981080497168030453e-03
-1.460232514586633812e+01 -1.127312653231932194e-02
-1.487699726378017573e+01 -1.556347487608102098e-02
-1.515547127209304534e+01 -1.985147941777388667e-02
-1.543816401318586884e+01 -2.413649439968675384e-02
-1.572549308434246385e+01 -2.841787451432548073e-02
-1.601787692035551558e+01 -3.269497500159302544e-02
-1.631573487203015915e+01 -3.696715174588694613e-02
-1.661948728035321210e+01 -4.123376137310201528e-02
-1.692955554607295454e+01 -4.549416134752191226e-02
-1.724636219440969853e+01 -4.974771006858228622e-02
-1.757033093459164164e+01 -5.399376696749174503e-02
-1.790188671388294495e+01 -5.823169260370021638e-02
-1.824145576574090200e+01 -6.246084876119625123e-02
-1.858946565170805343e+01 -6.668059854461817759e-02
-1.894634529661224320e+01 -7.089030647516866845e-02
-1.931252501661225551e+01 -7.508933858631750002e-02
-1.968843653958930773e+01 -7.927706251927539582e-02
-2.007451301734562676e+01 -8.345284761822344133e-02
-2.047118902903021009e+01 -8.761606502528662688e-02
-2.087890057516805342e+01 -9.176608777523705129e-02
-2.129808506162308746e+01 -9.590229088991292228e-02
-2.172918127277650058e+01 -1.000240514723385737e-01
-2.217262933315107176e+01 -1.041307488005310811e-01
-2.262887065665823627e+01 -1.082217644209776258e-01
-2.309834788258829974e+01 -1.122964822417702041e-01
-2.358150479740530869e+01 -1.163542886253885328e-01
-2.407878624134490053e+01 -1.203945724811148199e-01
-2.459063799874801859e+01 -1.244167253570662851e-01
-2.511750667099322953e+01 -1.284201415318217410e-01
-2.565983953081993363e+01 -1.324042181056352685e-01
-2.621808435675918147e+01 -1.363683550912309639e-01
-2.679268924630734361e+01 -1.403119555041586752e-01
-2.738410240639512594e+01 -1.442344254526982117e-01
-2.799277191961660805e+01 -1.481351742272983829e-01
-2.861914548459068541e+01 -1.520136143895357006e-01
-2.926367012873203777e+01 -1.558691618605853035e-01
-2.992679189160566366e+01 -1.597012360091840111e-01
-3.060895547693341001e+01 -1.635092597390699065e-01
-3.131060387121037536e+01 -1.672926595758862101e-01
-3.203217792677324383e+01 -1.710508657535406984e-01
-3.277411590704002720e+01 -1.747833123000070710e-01
-3.353685299151293719e+01 -1.784894371225543563e-01
-3.432082073800565070e+01 -1.821686820924040273e-01
-3.512644649941240971e+01 -1.858204931287913420e-01
-3.595415279219007232e+01 -1.894443202824058481e-01
-3.680435661357749666e+01 -1.930396178182091360e-01
-3.767746870441685303e+01 -1.966058442976158505e-01
-3.857389275427993880e+01 -2.001424626600312173e-01
-3.949402454543344021e+01 -2.036489403037356205e-01
-4.043825103200018134e+01 -2.071247491660950235e-01
-4.140694935049601355e+01 -2.105693658030819149e-01
-4.240048575774407169e+01 -2.139822714681048621e-01
-4.341921449198081717e+01 -2.173629521901324635e-01
-4.446347655278225375e+01 -2.207108988510939895e-01
-4.553359839525753472e+01 -2.240256072625482764e-01
-4.662989053377609849e+01 -2.273065782416084646e-01
-4.775264605032337784e+01 -2.305533176861161437e-01
-4.890213900241506906e+01 -2.337653366490513307e-01
-5.007862272535152215e+01 -2.369421514121634598e-01
-5.128232802347034891e+01 -2.400832835588205261e-01
-5.251346124494890688e+01 -2.431882600460579802e-01
-5.377220223464642856e+01 -2.462566132758237658e-01
-5.505870215944474211e+01 -2.492878811653996829e-01
-5.637308120057961958e+01 -2.522816072169935531e-01
-5.771542610754087121e+01 -2.552373405864833411e-01
-5.908578760829299625e+01 -2.581546361513077370e-01
-6.048417767082951713e+01 -2.610330545774991462e-01
-6.191056661143473150e+01 -2.638721623858396592e-01
-6.336488004552641939e+01 -2.666715320171338943e-01
-6.484699567759901129e+01 -2.694307418966022660e-01
-6.635673992758879081e+01 -2.721493764973834106e-01
-6.789388439196925162e+01 -2.748270264031102417e-01
-6.945814213912004220e+01 -2.774632883695601349e-01
-7.104916383998200047e+01 -2.800577653853866811e-01
-7.266653373672228611e+01 -2.826100667319005333e-01
-7.430976545418950252e+01 -2.851198080419014569e-01
-7.597829766130780627e+01 -2.875866113575641925e-01
-7.767148959227765204e+01 -2.900101051873681945e-01
-7.938861644055585032e+01 -2.923899245620528720e-01
-8.112886464210515669e+01 -2.947257110895771248e-01
-8.289132706837627040e+01 -2.970171130090923928e-01
-8.467499815386220519e+01 -2.992637852439091195e-01
-8.647876898792702605e+01 -3.014653894534545242e-01
-8.830142240592169856e+01 -3.036215940842286187e-01
-9.014162812032408567e+01 -3.057320744197447593e-01
-9.199793793877978487e+01 -3.077965126294299747e-01
-9.386878112245669570e+01 -3.098145978164838499e-01
-9.575245994494888180e+01 -3.117860260646931891e-01
-9.764714551901215600e+01 -3.137105004842039579e-01
-9.955087396555963153e+01 -3.155877312562433978e-01
-1.014615430064560968e+02 -3.174174356767706651e-01
-1.033769090695928554e+02 -3.191993381990437251e-01
-1.052945850012919919e+02 -3.209331704751059999e-01
-1.072120384870306395e+02 -3.226186713961931019e-01
-1.091265912865534915e+02 -3.242555871320553229e-01
-1.110354193933821705e+02 -3.258436711691908294e-01
-1.129355542312170400e+02 -3.273826843479754056e-01
-1.148238850004732683e+02 -3.288723948986832513e-01
-1.166971622868398839e+02 -3.303125784763916717e-01
-1.185520030399923854e+02 -3.317030181947670520e-01
-1.203848970240888718e+02 -3.330435046587205683e-01
-1.221922148322019552e+02 -3.343338359959361350e-01
-1.239702175440762488e+02 -3.355738178872578747e-01
-1.257150680904811395e+02 -3.367632635959551535e-01
-1.274228443677246077e+02 -3.379019939958644025e-01
-1.290895541226387309e+02 -3.389898375983684264e-01
-1.307111516018102861e+02 -3.400266305782149723e-01
-1.322835559291250149e+02 -3.410122167981973762e-01
-1.338026711431276112e+02 -3.419464478326747492e-01
-1.352644077909723421e+02 -3.428291829899083321e-01
-1.366647059395538975e+02 -3.436602893332344477e-01
-1.379995594274284656e+02 -3.444396417010834321e-01
-1.392650411443794383e+02 -3.451671227258324981e-01
-1.404573290900809184e+02 -3.458426228514929202e-01
-1.415727329302995372e+02 -3.464660403502177743e-01
-1.426077207397044617e+02 -3.470372813376277898e-01
-1.435589455957041878e+02 -3.475562597869431558e-01
-1.444232716689930669e+02 -3.480228975419329962e-01
-1.451977994445499007e+02 -3.484371243286894515e-01
-1.458798897025222914e+02 -3.487988777662089368e-01
-1.464671858924769197e+02 -3.491081033757735819e-01
-1.469576345472250978e+02 -3.493647545891466200e-01
-1.473495034038451195e+02 -3.495687927555815033e-01
-1.476413969294891331e+02 -3.497201871476426360e-01
-1.478322689875719789e+02 -3.498189149658536001e-01
-1.479214324250329753e+02 -3.498649613421572768e-01
-1.476836163441354870e+02 -3.498583193421563875e-01
-1.437863058647853620e+02 -3.497989899661326230e-01
-1.413007626039745048e+02 -3.496869821488867713e-01
-1.387208085662546182e+02 -3.495223127583929612e-01
-1.361041747991015143e+02 -3.493050065932579717e-01
-1.334705734849894156e+02 -3.490350963789874417e-01
-1.308289453232929702e+02 -3.487126227630646946e-01
-1.281843003455715575e+02 -3.483376343088281923e-01
-1.255399606869092253e+02 -3.479101874881547762e-01
-1.228984386061358123e+02 -3.474303466729594669e-01
-1.202618260948541007e+02 -3.468981841255109888e-01
-1.176319841440998601e+02 -3.463137799875390388e-01
-1.150106407775006829e+02 -3.456772222681497309e-01
-1.123994439376626531e+02 -3.449886068305735298e-01
-1.097999904617910545e+02 -3.442480373777425107e-01
-1.072138416589367012e+02 -3.434556254366885608e-01
-1.046425310200439753e+02 -3.426114903417498136e-01
-1.020875671318231923e+02 -3.417157592165855351e-01
-9.955043358558590683e+01 -3.407685669550209462e-01
-9.703258697564051261e+01 -3.397700562007351377e-01
-9.453545368734974375e+01 -3.387203773257818074e-01
-9.206042594321074546e+01 -3.376196884079383231e-01
-8.960885743414256410e+01 -3.364681552068930492e-01
-8.718205877380616187e+01 -3.352659511392908076e-01
-8.478129295471771343e+01 -3.340132572526341437e-01
-8.240777094400651492e+01 -3.327102621980240205e-01
-8.006264752679679475e+01 -3.313571622017331131e-01
-7.774701748212798691e+01 -3.299541610356426791e-01
-7.546191215741917802e+01 -3.285014699865574372e-01
-7.320829649137796480e+01 -3.269993078244007312e-01
-7.098706652107382808e+01 -3.254479007692776538e-01
-6.879904739619742315e+01 -3.238474824574029132e-01
-6.664499191202384054e+01 -3.221982939059019890e-01
-6.452557956218572599e+01 -3.205005834765075057e-01
-6.244141610298522949e+01 -3.187546068381592046e-01
-6.039303361269482195e+01 -3.169606269285042965e-01
-5.838089102215401027e+01 -3.151189139142974160e-01
-5.640537508698896829e+01 -3.132297451507262687e-01
-5.446680176688389707e+01 -3.112934051396595292e-01
-5.256541797359287216e+01 -3.093101854867943978e-01
-5.070140364680747780e+01 -3.072803848577276287e-01
-4.887487411540903537e+01 -3.052043089329740666e-01
-4.708588270099549078e+01 -3.030822703619313607e-01
-4.533442352084455251e+01 -3.009145887157991250e-01
-4.362043444849743423e+01 -2.987015904394511034e-01
-4.194380019184627884e+01 -2.964436088022741611e-01
-4.030435545083390991e+01 -2.941409838479921990e-01
-3.870188811949968510e+01 -2.917940623434635006e-01
-3.713614250007539397e+01 -2.894031977264517330e-01
-3.560682250001502069e+01 -2.869687500523923629e-01
-3.411359478610709317e+01 -2.844910859401622583e-01
-3.265609187312210793e+01 -2.819705785168601930e-01
-3.123391512771167555e+01 -2.794076073616165168e-01
-2.984663767142334123e+01 -2.768025584484428703e-01
-2.849380716968369498e+01 -2.741558240881133979e-01
-2.717494849642184107e+01 -2.714678028690871714e-01
-2.588956626659568627e+01 -2.687388995974829831e-01
-2.463714723123276684e+01 -2.659695252361045092e-01
-2.341716253172224427e+01 -2.631600968425401588e-01
-2.222906981195862741e+01 -2.603110375063593107e-01
-2.107231518855461871e+01 -2.574227762854054968e-01
-1.994633508073812322e+01 -2.544957481411919131e-01
-1.885055790272370402e+01 -2.515303938734034794e-01
-1.778440562231811128e+01 -2.485271600535057246e-01
-1.674729519030914560e+01 -2.454864989574808698e-01
-1.573863984579603148e+01 -2.424088684977081798e-01
-1.475785030307721435e+01 -2.392947321540059569e-01
-1.380433582603182430e+01 -2.361445589038447812e-01
-1.287750519613173594e+01 -2.329588231517250307e-01
-1.197676758033125921e+01 -2.297380046577298385e-01
-1.110153330509994163e+01 -2.264825884652710009e-01
-1.025121454280858302e+01 -2.231930648280482654e-01
-9.425225916557895545e+00 -2.198699291362231356e-01
-8.622985029378350319e+00 -2.165136818418151587e-01
-7.843912923528026049e+00 -2.131248283833257484e-01
-7.087434475389869704e+00 -2.097038791096150767e-01
-6.352978731215377373e+00 -2.062513492030476070e-01
-5.639979188694534074e+00 -2.027677586019156486e-01
-4.947874029057358847e+00 -1.992536319221481222e-01
-4.276106304133693747e+00 -1.957094983783070063e-01
-3.624124082521742451e+00 -1.921358917038811231e-01
-2.991380558744431983e+00 -1.885333500709042431e-01
-2.377334129000733931e+00 -1.849024160089085544e-01
-1.781448436858088291e+00 -1.812436363232195757e-01
-1.203192391982489617e+00 -1.775575620126032261e-01
-6.420401647645497256e-01 -1.738447481862857025e-01
-9.747115947040130290e-02 -1.701057539803601804e-01
4.310300316704887003e-01 -1.663411424735888322e-01
9.439736912322347351e-01 -1.625514806026062686e-01
1.441865054194936935e+00 -1.587373390765443315e-01
1.925204398543996387e+00 -1.548992922910854553e-01
2.394487147193532728e+00 -1.510379182419581134e-01
2.850203979715532743e+00 -1.471537984378926689e-01
3.292840952501309371e+00 -1.432475178130455939e-01
3.722879626113179352e+00 -1.393196646389117110e-01
4.140797198707868887e+00 -1.353708304357346126e-01
4.547066644525740386e+00 -1.314016098834242530e-01
4.942156856542179177e+00 -1.274126007320004472e-01
5.326532792473241962e+00 -1.234044037115700765e-01
5.700655623412930417e+00 -1.193776224418568871e-01
6.064982884458125056e+00 -1.153328633413048115e-01
6.419968626750739205e+00 -1.112707355357554773e-01
6.766063570429981411e+00 -1.071918507667164316e-01
7.103715258046714887e+00 -1.030968232992340999e-01
7.433368208044867309e+00 -9.898626982938600605e-02
7.755464067962579477e+00 -9.486080939140884016e-02
8.070441767048890824e+00 -9.072106326447466895e-02
8.378737668030101560e+00 -8.656765487912790324e-02
8.680785717794082146e+00 -8.240120972339508298e-02
8.977017596790622278e+00 -7.822235524858545119e-02
9.267862866972702562e+00 -7.403172077480019153e-02
9.553749118127033313e+00 -6.982993739616588647e-02
9.835102112463252055e+00 -6.561763788579980106e-02
1.011234592734841264e+01 -6.139545660051458353e-02
1.038590309608732731e+01 -5.716402938528371280e-02
1.065619474666255861e+01 -5.292399347748481808e-02
1.092364073835755889e+01 -4.867598741093440151e-02
1.118865979621255491e+01 -4.442065091972722396e-02
1.145166964314648439e+01 -4.015862484189271220e-02
1.171308712994993684e+01 -3.589055102288331300e-02
1.197332836274155632e+01 -3.161707221891403574e-02
1.223280882809922687e+01 -2.733883200016812287e-02
1.249194351570376860e+01 -2.305647465388158124e-02
1.275114703845560982e+01 -1.877064508731748210e-02
1.301083375000408893e+01 -1.448198873064421299e-02
1.327141785962233911e+01 -1.019115143973508067e-02
1.353331354435538536e+01 -5.898779398903981723e-03
1.379693505836071310e+01 -1.605519023592113202e-03
1.406269683935174619e+01 2.687983136979505989e-03
1.433101361204403190e+01 6.981080497177762252e-03
1.460230048849230045e+01 1.127312653233100703e-02
1.487697306519336671e+01 1.556347487609346936e-02
1.515544751681543900e+01 1.985147941778575217e-02
1.543814068639874648e+01 2.413649439969707891e-02
1.572547017185511464e+01 2.841787451433369638e-02
1.601785440857573306e+01 3.269497500159882636e-02
1.631571274793645898e+01 3.696715174589069314e-02
1.661946553146864858e+01 4.123376137310504064e-02
1.692953416044029780e+01 4.549416134752532620e-02
1.724634116056810385e+01 4.974771006858686589e-02
1.757031024155474341e+01 5.399376696749943333e-02
1.790186635111803781e+01 5.823169260371359457e-02
1.824143572314915929e+01 6.246084876121651280e-02
1.858944591960604598e+01 6.668059854464582215e-02
1.894632586571448485e+01 7.089030647520430661e-02
1.931250587801459417e+01 7.508933858636107628e-02
1.968841768475325438e+01 7.927706251932579995e-02
2.007449443808353351e+01 8.345284761827834186e-02
2.047117071749118367e+01 8.761606502534141638e-02
2.087888252382477816e+01 9.176608777528573457e-02
2.129806726325960753e+01 9.590229088995116946e-02
2.172916372047657063e+01 1.000240514723653856e-01
2.217261202028682021e+01 1.041307488005473458e-01
2.262885357687947163e+01 1.082217644209853419e-01
2.309833102981245645e+01 1.122964822417724245e-01
2.358148816580796137e+01 1.163542886253897540e-01
2.407876982535065480e+01 1.203945724811204820e-01
2.459062179302144102e+01 1.244167253570789416e-01
2.511749067043045969e+01 1.284201415318398376e-01
2.565982373054118071e+01 1.324042181056556966e-01
2.621806875210188181e+01 1.363683550912531683e-01
2.679267383281908721e+01 1.403119555041842104e-01
2.738408717982651552e+01 1.442344254527277436e-01
2.799275687591453732e+01 1.481351742273300243e-01
2.861913061989280038e+01 1.520136143895691183e-01
2.926365543936143965e+01 1.558691618606250495e-01
2.992677737406533467e+01 1.597012360092394112e-01
3.060894112789980426e+01 1.635092597391490654e-01
3.131058968752707372e+01 1.672926595759904600e-01
3.203216390544476866e+01 1.710508657536598254e-01
3.277410204522665538e+01 1.747833123001196476e-01
3.353683928652765900e+01 1.784894371226378451e-01
3.432080718731119617e+01 1.821686820924428851e-01
3.512643310061702095e+01 1.858204931287777972e-01
3.595413954304366655e+01 1.894443202823417882e-01
3.680434351196772269e+01 1.930396178181068845e-01
3.767745574836467881e+01 1.966058442974966125e-01
3.857387994193488368e+01 2.001424626599220824e-01
3.949401187506667554e+01 2.036489403036589041e-01
4.043823850199815695e+01 2.071247491660613838e-01
4.140693695935568996e+01 2.105693658030901305e-01
4.240047350406874926e+01 2.139822714681439420e-01
4.341920237447737208e+01 2.173629521901881967e-01
4.446346457025873633e+01 2.207108988511557179e-01
4.553358654661979443e+01 2.240256072626117811e-01
4.662987881802468593e+01 2.273065782416792968e-01
4.775263446654811617e+01 2.305533176862058498e-01
4.890212754978352905e+01 2.337653366491576901e-01
5.007861140310107118e+01 2.369421514122638239e-01
5.128231683090604776e+01 2.400832835588815883e-01
5.251345018144530030e+01 2.431882600460539834e-01
5.377219129964834110e+01 2.462566132757496029e-01
5.505869135246435064e+01 2.492878811652733395e-01
5.637307052118787709e+01 2.522816072168454493e-01
5.771541555535477386e+01 2.552373405863385680e-01
5.908577718296577075e+01 2.581546361511773968e-01
6.048416737204588145e+01 2.610330545773836830e-01
6.191055643890778981e+01 2.638721623857350762e-01
6.336486999899539541e+01 2.666715320170388592e-01
6.484698575682678268e+01 2.694307418965238843e-01
6.635673013235170004e+01 2.721493764973283436e-01
6.789387472204808205e+01 2.748270264030795995e-01
6.945813259429897357e+01 2.774632883695583585e-01
7.104915442004259774e+01 2.800577653854210980e-01
7.266652444143387868e+01 2.826100667319755844e-01
7.430975628330213567e+01 2.851198080420175862e-01
7.597828861454955529e+01 2.875866113577233985e-01
7.767148066935065742e+01 2.900101051875769165e-01
7.938860764112416746e+01 2.923899245623131082e-01
8.112885596578097136e+01 2.947257110898768850e-01
8.289131851471006485e+01 2.970171130094025891e-01
8.467498972234569976e+01 2.992637852441968893e-01
8.647876067799882094e+01 3.014653894536976630e-01
8.830141421696481530e+01 3.036215940844182448e-01
9.014162005165343317e+01 3.057320744198759876e-01
9.199792998963013702e+01 3.077965126294943676e-01
9.386877329198171083e+01 3.098145978164745240e-01
9.575245223222837865e+01 3.117860260646174719e-01
9.764713792305271056e+01 3.137105004840871625e-01
9.955086648528364890e+01 3.155877312561206072e-01
1.014615356406796991e+02 3.174174356766687466e-01
1.033769018170089709e+02 3.191993381989704504e-01
1.052945778604637042e+02 3.209331704750496006e-01
1.072120314563970709e+02 3.226186713961324837e-01
1.091265843644455344e+02 3.242555871319769412e-01
1.110354125780353911e+02 3.258436711691006793e-01
1.129355475207701289e+02 3.273826843478974680e-01
1.148238783929515279e+02 3.288723948986461698e-01
1.166971557801375496e+02 3.303125784764158746e-01
1.185519966318577048e+02 3.317030181948552037e-01
1.203848907121188461e+02 3.330435046588557935e-01
1.221922086138419559e+02 3.343338359960835726e-01
1.239702114166319689e+02 3.355738178873742261e-01
1.257150620511422972e+02 3.367632635960046694e-01
1.274228384135837047e+02 3.379019939958295415e-01
1.290895482506986696e+02 3.389898375982518530e-01
1.307111458089901532e+02 3.400266305780400011e-01
1.322835502122489117e+02 3.410122167979975361e-01
1.338026654988886719e+02 3.419464478324691359e-01
1.352644022159209385e+02 3.428291829896933929e-01
1.366647004301204902e+02 3.436602893329966379e-01
1.379995539799635367e+02 3.444396417008203093e-01
1.392650357551822822e+02 3.451671227255656005e-01
1.404573237553989316e+02 3.458426228512631040e-01
1.415727276463085786e+02 3.464660403500703367e-01
1.426077155024765091e+02 3.470372813375915966e-01
1.435589404011974182e+02 3.475562597870230919e-01
1.444232665130673752e+02 3.480228975421161830e-01
1.451977943229823040e+02 3.484371243289507980e-01
1.458798846110093450e+02 3.487988777665093632e-01
1.464671808266432720e+02 3.491081033760613517e-01
1.469576295026524235e+02 3.493647545893691087e-01
1.473494983761221420e+02 3.495687927557074026e-01
1.476413919142564453e+02 3.497201871476810497e-01
1.478322639805147674e+02 3.498189149658462727e-01
1.479214274218233811e+02 3.498649613421452864e-01
1.476836130939267662e+02 3.498583193421572757e-01
1.437863121280522307e+02 3.497989899661455016e-01
1.413007665750598676e+02 3.496869821489054231e-01
1.387208113899224884e+02 3.495223127584105027e-01
1.361041769454598693e+02 3.493050065932712944e-01
1.334705751877651778e+02 3.490350963790016525e-01
1.308289467145588105e+02 3.487126227630902298e-01
1.281843015069198373e+02 3.483376343088745997e-01
1.255399616721312128e+02 3.479101874882242762e-01
1.228984394524771631e+02 3.474303466730409573e-01
1.202618268291114418e+02 3.468981841255764920e-01
1.176319847862023238e+02 3.463137799875532497e-01
1.150106413427548375e+02 3.456772222680946638e-01
1.123994444381344806e+02 3.449886068304598430e-01
1.097999909071684499e+02 3.442480373776057312e-01
1.072138420570829425e+02 3.434556254365739858e-01
1.046425313773647758e+02 3.426114903416898616e-01
1.020875674535750335e+02 3.417157592165926405e-01
9.955043387613491745e+01 3.407685669550926666e-01
9.703258723863224589e+01 3.397700562008497127e-01
9.453545392586012497e+01 3.387203773259030437e-01
9.206042615988057776e+01 3.376196884080289173e-01
8.960885763128419512e+01 3.364681552069292425e-01
8.718205895348383194e+01 3.352659511392757086e-01
8.478129311877222563e+01 3.340132572525906229e-01
8.240777109404859857e+01 3.327102621979725061e-01
8.006264766423066703e+01 3.313571622016853735e-01
7.774701760818753371e+01 3.299541610356055976e-01
7.546191227320100836e+01 3.285014699865390075e-01
7.320829659786129184e+01 3.269993078244111673e-01
7.098706661912682137e+01 3.254479007693231729e-01
6.879904748657712332e+01 3.238474824574750777e-01
6.664499199539447716e+01 3.221982939059805928e-01
6.452557963913767480e+01 3.205005834765663475e-01
6.244141617405027489e+01 3.187546068381714170e-01
6.039303367836525638e+01 3.169606269284534483e-01
5.838089108290227358e+01 3.151189139141923889e-01
5.640537514326572932e+01 3.132297451505988151e-01
5.446680181909493257e+01 3.112934051395398471e-01
5.256541802208774072e+01 3.093101854866940337e-01
5.070140369188696639e+01 3.072803848576401431e-01
4.887487415733977514e+01 3.052043089328850267e-01
4.708588274002190843e+01 3.030822703618281100e-01
4.533442355719765970e+01 3.009145887156792210e-01
4.362043448239746368e+01 2.987015904393247601e-01
4.194380022350033244e+01 2.964436088021604743e-01
4.030435548043274707e+01 2.941409838479133732e-01
3.870188814721181814e+01 2.917940623434339686e-01
3.713614252604310906e+01 2.894031977264681643e-01
3.560682252435840667e+01 2.869687500524349955e-01
3.411359480893257512e+01 2.844910859402046688e-01
3.265609189453139294e+01 2.819705785168823975e-01
3.123391514780534095e+01 2.794076073616111877e-01
2.984663769029998193e+01 2.768025584484144486e-01
2.849380718744044216e+01 2.741558240880796471e-01
2.717494851315178295e+01 2.714678028690745148e-01
2.588956628237982471e+01 2.687388995975089623e-01
2.463714724613614138e+01 2.659695252361660156e-01
2.341716254579889522e+01 2.631600968426203169e-01
2.222906982525850950e+01 2.603110375064410231e-01
2.107231520112867074e+01 2.574227762854834345e-01
1.994633509263836046e+01 2.544957481412738476e-01
1.885055791399747349e+01 2.515303938734956279e-01
1.778440563300371835e+01 2.485271600535989833e-01
1.674729520043655739e+01 2.454864989575494816e-01
1.573863985539203547e+01 2.424088684977223906e-01
1.475785031217126608e+01 2.392947321539497796e-01
1.380433583465637426e+01 2.361445589037188819e-01
1.287750520432009971e+01 2.329588231515413999e-01
1.197676758811584286e+01 2.297380046575064616e-01
1.110153331251172659e+01 2.264825884650300825e-01
1.025121454987563574e+01 2.231930648278102336e-01
9.425225923304550335e+00 2.198699291360022012e-01
8.622985035823536037e+00 2.165136818416104336e-01
7.843912929686226221e+00 2.131248283831224666e-01
7.087434481275218801e+00 2.097038791094008037e-01
6.352978736845330765e+00 2.062513492028298923e-01
5.639979194090396497e+00 2.027677586017274658e-01
4.947874034241102947e+00 1.992536319220348795e-01
4.276106309123438365e+00 1.957094983783034536e-01
3.624124087329835042e+00 1.921358917039981407e-01
2.991380563377455726e+00 1.885333500711245114e-01
2.377334133460649035e+00 1.849024160091886637e-01
1.781448441145073502e+00 1.812436363235036818e-01
1.203192396098134331e+00 1.775575620128420351e-01
6.420401687136289004e-01 1.738447481864496824e-01
9.747116326078608672e-02 1.701057539804421148e-01
-4.310300280292714836e-01 1.663411424735967148e-01
-9.439736877302791207e-01 1.625514806025557535e-01
-1.441865050822650485e+00 1.587373390764540704e-01
-1.925204395292325010e+00 1.548992922909753212e-01
-2.394487144054182615e+00 1.510379182418470911e-01
-2.850203976681058737e+00 1.471537984377975228e-01
-3.292840949565219777e+00 1.432475178129792026e-01
-3.722879623270532345e+00 1.393196646388766280e-01
-4.140797195955194354e+00 1.353708304357220671e-01
-4.547066641860051384e+00 1.314016098834222546e-01
-4.942156853960367080e+00 1.274126007319994480e-01
-5.326532789971770043e+00 1.234044037115665238e-01
-5.700655620987475025e+00 1.193776224418578863e-01
-6.064982882104110296e+00 1.153328633413232412e-01
-6.419968624464009288e+00 1.112707355358026617e-01
-6.766063568207063561e+00 1.071918507667985881e-01
-7.103715255884776703e+00 1.030968232993518946e-01
-7.433368205941722096e+00 9.898626982953388775e-02
-7.755464065916825689e+00 9.486080939157232050e-02
-8.070441765059699790e+00 9.072106326463215409e-02
-8.378737666096835568e+00 8.656765487925530134e-02
-8.680785715915730449e+00 8.240120972347352024e-02
-8.977017594965385427e+00 7.822235524860798872e-02
-9.267862865197866284e+00 7.403172077477437885e-02
-9.553749116399316677e+00 6.982993739611015327e-02
-9.835102110779430973e+00 6.561763788573429790e-02
-1.011234592570578350e+01 6.139545660045363229e-02
-1.038590309448380999e+01 5.716402938523452992e-02
-1.065619474509647269e+01 5.292399347745134486e-02
-1.092364073682741932e+01 4.867598741091969106e-02
-1.118865979465980232e+01 4.442065091973241425e-02
-1.145166964162843470e+01 4.015862484191441706e-02
-1.171308712846540345e+01 3.589055102291392740e-02
-1.197332836128973810e+01 3.161707221894462239e-02
-1.223280882667936531e+01 2.733883200019215920e-02
-1.249194351431482453e+01 2.305647465389652762e-02
-1.275114703709647124e+01 1.877064508732343567e-02
-1.301083374867363140e+01 1.448198873064211745e-02
-1.327141785831948795e+01 1.019115143972610868e-02
-1.353331354307904455e+01 5.898779398890235774e-03
-1.379693505710977242e+01 1.605519023576760899e-03
-1.406269683812512383e+01 -2.687983136993297040e-03
-1.433101361084074732e+01 -6.981080497187842730e-03
-1.460230048731149388e+01 -1.127312653233664835e-02
-1.487697306403428321e+01 -1.556347487609511387e-02
-1.515544751567739645e+01 -1.985147941778440603e-02
-1.543814068528106453e+01 -2.413649439969327640e-02
-1.572547017075708986e+01 -2.841787451432715994e-02
-1.601785440749667799e+01 -3.269497500158919517e-02
-1.631571274687576079e+01 -3.696715174587820313e-02
-1.661946553042570329e+01 -4.123376137308974732e-02
-1.692953415941452988e+01 -4.549416134750734059e-02
-1.724634115955898395e+01 -4.974771006856657657e-02
-1.757031024056173507e+01 -5.399376696747686805e-02
-1.790186635014060457e+01 -5.823169260368850353e-02
-1.824143572218685705e+01 -6.246084876118953438e-02
-1.858944591865852658e+01 -6.668059854461851066e-02
-1.894632586478147473e+01 -7.089030647517871597e-02
-1.931250587709570254e+01 -7.508933858633753955e-02
-1.968841768384784885e+01 -7.927706251930176362e-02
-2.007449443719109183e+01 -8.345284761825247366e-02
-2.047117071661160281e+01 -8.761606502531671392e-02
-2.087888252295827130e+01 -9.176608777526791549e-02
-2.129806726240631320e+01 -9.590229088994450812e-02
-2.172916371963626858e+01 -1.000240514723702706e-01
-2.217261201945888871e+01 -1.041307488005602799e-01
-2.262885357606307579e+01 -1.082217644210011070e-01
-2.309833102900694257e+01 -1.122964822417877456e-01
-2.358148816501295286e+01 -1.163542886254038539e-01
-2.407876982456575732e+01 -1.203945724811323614e-01
-2.459062179224606481e+01 -1.244167253570861581e-01
-2.511749066966428856e+01 -1.284201415318421691e-01
-2.565982372978466941e+01 -1.324042181056584722e-01
-2.621806875135559523e+01 -1.363683550912618281e-01
-2.679267383208289033e+01 -1.403119555041988653e-01
-2.738408717909948820e+01 -1.442344254527432867e-01
-2.799275687519510569e+01 -1.481351742273376848e-01
-2.861913061917916323e+01 -1.520136143895595704e-01
-2.926365543865242813e+01 -1.558691618605936302e-01
-2.992677737336034127e+01 -1.597012360091851213e-01
-3.060894112719837779e+01 -1.635092597390719049e-01
-3.131058968682873456e+01 -1.672926595758903179e-01
-3.203216390474976549e+01 -1.710508657535403654e-01
-3.277410204453715181e+01 -1.747833122999937483e-01
-3.353683928584724327e+01 -1.784894371225238252e-01
-3.432080718664371943e+01 -1.821686820923583972e-01
-3.512643309996506957e+01 -1.858204931287329442e-01
-3.595413954240677157e+01 -1.894443202823323513e-01
-3.680434351134235271e+01 -1.930396178181162103e-01
-3.767745574774602346e+01 -1.966058442975044951e-01
-3.857387994131929787e+01 -2.001424626599148660e-01
-3.949401187445384664e+01 -2.036489403036368107e-01
-4.043823850139005316e+01 -2.071247491660328510e-01
-4.140693695875467739e+01 -2.105693658030641513e-01
-4.240047350347583688e+01 -2.139822714681239579e-01
-4.341920237389051351e+01 -2.173629521901673245e-01
-4.446346456967432914e+01 -2.207108988511228553e-01
-4.553358654603444222e+01 -2.240256072625576023e-01
-4.662987881743414675e+01 -2.273065782415929215e-01
-4.775263446594757255e+01 -2.305533176860759537e-01
-4.890212754917142490e+01 -2.337653366489831630e-01
-5.007861140247885601e+01 -2.369421514120517713e-01
-5.128231683027721033e+01 -2.400832835586437786e-01
-5.251345018081626392e+01 -2.431882600458084021e-01
-5.377219129902995576e+01 -2.462566132755231174e-01
-5.505869135187016639e+01 -2.492878811650963700e-01
-5.637307052062927681e+01 -2.522816072167404222e-01
-5.771541555483543107e+01 -2.552373405863088140e-01
-5.908577718248218957e+01 -2.581546361512107035e-01
-6.048416737159033829e+01 -2.610330545774602884e-01
-6.191055643847277423e+01 -2.638721623858374388e-01
-6.336486999857606861e+01 -2.666715320171560988e-01
-6.484698575642032381e+01 -2.694307418966497836e-01
-6.635673013195560088e+01 -2.721493764974577956e-01
-6.789387472165503823e+01 -2.748270264031997256e-01
-6.945813259389358052e+01 -2.774632883696440677e-01
-7.104915441960579869e+01 -2.800577653854439686e-01
-7.266652444095149121e+01 -2.826100667319176307e-01
-7.430975628277168710e+01 -2.851198080418803626e-01
-7.597828861397908895e+01 -2.875866113575237804e-01
-7.767148066875176937e+01 -2.900101051873353319e-01
-7.938860764051086960e+01 -2.923899245620515397e-01
-8.112885596517347153e+01 -2.947257110896235321e-01
-8.289131851413270624e+01 -2.970171130091883160e-01
-8.467498972181660122e+01 -2.992637852440419022e-01
-8.647876067752406470e+01 -3.014653894536057366e-01
-8.830141421654093392e+01 -3.036215940843816075e-01
-9.014162005127759869e+01 -3.057320744198882001e-01
-9.199792998930819010e+01 -3.077965126295589826e-01
-9.386877329172077111e+01 -3.098145978165959824e-01
-9.575245223202658451e+01 -3.117860260647904447e-01
-9.764713792289606431e+01 -3.137105004842945521e-01
-9.955086648514480885e+01 -3.155877312563337700e-01
-1.014615356405282114e+02 -3.174174356768585947e-01
-1.033769018168261766e+02 -3.191993381991212186e-01
-1.052945778602478697e+02 -3.209331704751619552e-01
-1.072120314561585275e+02 -3.226186713962175268e-01
-1.091265843641980098e+02 -3.242555871320477734e-01
-1.110354125777922576e+02 -3.258436711691690690e-01
-1.129355475205456116e+02 -3.273826843479749615e-01
-1.148238783927592692e+02 -3.288723948987429813e-01
-1.166971557799846266e+02 -3.303125784765364448e-01
-1.185519966317432363e+02 -3.317030181949977563e-01
-1.203848907120331546e+02 -3.330435046590123349e-01
-1.221922086137660273e+02 -3.343338359962401141e-01
-1.239702114165431084e+02 -3.355738178875152244e-01
-1.257150620510244323e+02 -3.367632635961201326e-01
-1.274228384134399761e+02 -3.379019939959228003e-01
-1.290895482505494272e+02 -3.389898375983371182e-01
-1.307111458088550648e+02 -3.400266305781301512e-01
-1.322835502121345428e+02 -3.410122167980965679e-01
-1.338026654987953634e+02 -3.419464478325770496e-01
-1.352644022158489747e+02 -3.428291829898101883e-01
-1.366647004300663468e+02 -3.436602893331200947e-01
-1.379995539799134860e+02 -3.444396417009424338e-01
-1.392650357551156901e+02 -3.451671227256748464e-01
-1.404573237552930891e+02 -3.458426228513472589e-01
-1.415727276461467454e+02 -3.464660403501209629e-01
-1.426077155022576903e+02 -3.470372813376091381e-01
-1.435589404009420491e+02 -3.475562597870195392e-01
-1.444232665128046449e+02 -3.480228975421077453e-01
-1.451977943227327330e+02 -3.484371243289485776e-01
-1.458798846107780207e+02 -3.487988777665160245e-01
-1.464671808264242543e+02 -3.491081033760737862e-01
-1.469576295024400849e+02 -3.493647545893844297e-01
-1.473494983759086381e+02 -3.495687927557216135e-01
-1.476413919140209146e+02 -3.497201871476834922e-01
-1.478322639802263723e+02 -3.498189149658211816e-01
-1.479214274214650118e+02 -3.498649613420840021e-01
-1.476836130924981205e+02 -3.498583193420637949e-01
-1.437863121291422885e+02 -3.497989899660315927e-01
-1.413007665755286837e+02 -3.496869821487837426e-01
-1.387208113902732407e+02 -3.495223127582948175e-01
-1.361041769458523163e+02 -3.493050065931718184e-01
-1.334705751881997742e+02 -3.490350963789199401e-01
-1.308289467149585334e+02 -3.487126227630176212e-01
-1.281843015071994216e+02 -3.483376343087966620e-01
-1.255399616722647522e+02 -3.479101874881316836e-01
-1.228984394525038795e+02 -3.474303466729352641e-01
-1.202618268290963783e+02 -3.468981841254670240e-01
-1.176319847861975774e+02 -3.463137799874502210e-01
-1.150106413427727148e+02 -3.456772222680014051e-01
-1.123994444381576017e+02 -3.449886068303723574e-01
-1.097999909071837692e+02 -3.442480373775202440e-01
-1.072138420571065751e+02 -3.434556254364951600e-01
-1.046425313774405339e+02 -3.426114903416327961e-01
-1.020875674537386004e+02 -3.417157592165724345e-01
-9.955043387638717434e+01 -3.407685669551135388e-01
-9.703258723893932824e+01 -3.397700562009018932e-01
-9.453545392616922527e+01 -3.387203773259663264e-01
-9.206042616016014790e+01 -3.376196884080890914e-01
-8.960885763154352901e+01 -3.364681552069894166e-01
-8.718205895373714043e+01 -3.352659511393420999e-01
-8.478129311901587073e+01 -3.340132572526610111e-01
-8.240777109427037317e+01 -3.327102621980395636e-01
-8.006264766441150016e+01 -3.313571622017366658e-01
-7.774701760830467379e+01 -3.299541610356246935e-01
-7.546191227324045769e+01 -3.285014699865130283e-01
-7.320829659782782528e+01 -3.269993078243385587e-01
-7.098706661904259363e+01 -3.254479007692150372e-01
-6.879904748647237511e+01 -3.238474824573505106e-01
-6.664499199529736018e+01 -3.221982939058600226e-01
-6.452557963907163696e+01 -3.205005834764693140e-01
-6.244141617403359845e+01 -3.187546068381156839e-01
-6.039303367839912795e+01 -3.169606269284436784e-01
-5.838089108296423291e+01 -3.151189139142114848e-01
-5.640537514332226721e+01 -3.132297451506163566e-01
-5.446680181912250873e+01 -3.112934051395314095e-01
-5.256541802208206349e+01 -3.093101854866525113e-01
-5.070140369185978102e+01 -3.072803848575755281e-01
-4.887487415730880969e+01 -3.052043089328157488e-01
-4.708588274000533858e+01 -3.030822703617757075e-01
-4.533442355720634254e+01 -3.009145887156587929e-01
-4.362043448242906862e+01 -2.987015904393358623e-01
-4.194380022354572191e+01 -2.964436088021931148e-01
-4.030435548048302508e+01 -2.941409838479564498e-01
-3.870188814726119375e+01 -2.917940623434794878e-01
-3.713614252608988409e+01 -2.894031977265134614e-01
-3.560682252440423667e+01 -2.869687500524825130e-01
-3.411359480897814933e+01 -2.844910859402555170e-01
-3.265609189457179440e+01 -2.819705785169279166e-01
-3.123391514783272171e+01 -2.794076073616362788e-01
-2.984663769031023861e+01 -2.768025584484093415e-01
-2.849380718743270080e+01 -2.741558240880399011e-01
-2.717494851312310900e+01 -2.714678028689910261e-01
-2.588956628232545398e+01 -2.687388995973677419e-01
-2.463714724605502226e+01 -2.659695252359599582e-01
-2.341716254569512756e+01 -2.631600968423538633e-01
-2.222906982514063756e+01 -2.603110375061303827e-01
-2.107231520100859612e+01 -2.574227762851556967e-01
-1.994633509252791015e+01 -2.544957481409594324e-01
-1.885055791390475832e+01 -2.515303938732185163e-01
-1.778440563293354515e+01 -2.485271600533764946e-01
-1.674729520039257125e+01 -2.454864989573973810e-01
-1.573863985537643551e+01 -2.424088684976535568e-01
-1.475785031218341814e+01 -2.392947321539690975e-01
-1.380433583469375236e+01 -2.361445589038250192e-01
-1.287750520437763413e+01 -2.329588231517234764e-01
-1.197676758818590059e+01 -2.297380046577424950e-01
-1.110153331258565501e+01 -2.264825884652912069e-01
-1.025121454994505044e+01 -2.231930648280649188e-01
-9.425225923362825498e+00 -2.198699291362222474e-01
-8.622985035867214876e+00 -2.165136818417778553e-01
-7.843912929716519322e+00 -2.131248283832380408e-01
-7.087434481296940092e+00 -2.097038791094822940e-01
-6.352978736862777254e+00 -2.062513492028949513e-01
-5.639979194104157045e+00 -2.027677586017775369e-01
-4.947874034249117869e+00 -1.992536319220579721e-01
-4.276106309124306115e+00 -1.957094983782897979e-01
-3.624124087324180010e+00 -1.921358917039482916e-01
-2.991380563368078338e+00 -1.885333500710519028e-01
-2.377334133452162934e+00 -1.849024160091193858e-01
-1.781448441141702199e+00 -1.812436363234644909e-01
-1.203192396101651074e+00 -1.775575620128468091e-01
-6.420401687235527399e-01 -1.738447481864985322e-01
-9.747116327563387639e-02 -1.701057539805279351e-01
4.310300280109203852e-01 -1.663411424737118449e-01
9.439736877093384271e-01 -1.625514806026953085e-01
1.441865050800089865e+00 -1.587373390766120551e-01
1.925204395269513258e+00 -1.548992922911417436e-01
2.394487144032574122e+00 -1.510379182420100719e-01
2.850203976661895844e+00 -1.471537984379457376e-01
3.292840949549205920e+00 -1.432475178131049909e-01
3.722879623257504100e+00 -1.393196646389796567e-01
4.140797195944630360e+00 -1.353708304358055559e-01
4.547066641851662538e+00 -1.314016098834875357e-01
4.942156853954019269e+00 -1.274126007320465215e-01
5.326532789967445503e+00 -1.234044037115942793e-01
5.700655620985477512e+00 -1.193776224418616611e-01
6.064982882104703599e+00 -1.153328633412984833e-01
6.419968624467002449e+00 -1.112707355357498151e-01
6.766063568211872159e+00 -1.071918507667229820e-01
7.103715255890556080e+00 -1.030968232992627437e-01
7.433368205947513019e+00 -9.898626982944262742e-02
7.755464065921697348e+00 -9.486080939149105218e-02
8.070441765062893680e+00 -9.072106326457164693e-02
8.378737666097938686e+00 -8.656765487922232771e-02
8.680785715914938194e+00 -8.240120972346680339e-02
8.977017594963525582e+00 -7.822235524861675948e-02
9.267862865196072164e+00 -7.403172077478287205e-02
9.553749116398524421e+00 -6.982993739610432460e-02
9.835102110780065132e+00 -6.561763788570720846e-02
1.011234592570766999e+01 -6.139545660040739150e-02
1.038590309448638394e+01 -5.716402938517779753e-02
1.065619474509909814e+01 -5.292399347739344673e-02
1.092364073682956516e+01 -4.867598741086673342e-02
1.118865979466197302e+01 -4.442065091968617346e-02
1.145166964163035139e+01 -4.015862484187467107e-02
1.171308712846680500e+01 -3.589055102288175869e-02
1.197332836129046996e+01 -3.161707221892347264e-02
1.223280882667919833e+01 -2.733883200018602522e-02
1.249194351431365213e+01 -2.305647465390700535e-02
1.275114703709440178e+01 -1.877064508734877651e-02
1.301083374867090825e+01 -1.448198873067838011e-02
1.327141785831639176e+01 -1.019115143976851920e-02
1.353331354307588619e+01 -5.898779398933617739e-03
1.379693505710683432e+01 -1.605519023616329942e-03
1.406269683812261562e+01 2.687983136960815211e-03
1.433101361083875958e+01 6.981080497163870587e-03
1.460230048731002661e+01 1.127312653232100809e-02
1.487697306403326891e+01 1.556347487608657904e-02
1.515544751567673742e+01 1.985147941778128353e-02
1.543814068528065420e+01 2.413649439969380375e-02
1.572547017075682696e+01 2.841787451432974121e-02
1.601785440749648970e+01 3.269497500159269238e-02
1.631571274687562934e+01 3.696715174588233871e-02
1.661946553042571395e+01 4.123376137309568701e-02
1.692953415941483541e+01 4.549416134751705504e-02
1.724634115955966962e+01 4.974771006858103722e-02
1.757031024056275115e+01 5.399376696749515897e-02
1.790186635014175920e+01 5.823169260370798794e-02
1.824143572218795128e+01 6.246084876120768653e-02
1.858944591865948937e+01 6.668059854463455338e-02
1.894632586478230252e+01 7.089030647519264927e-02
1.931250587709643796e+01 7.508933858634997405e-02
1.968841768384853097e+01 7.927706251931319892e-02
2.007449443719155724e+01 8.345284761826118891e-02
2.047117071661150689e+01 8.761606502531932295e-02
2.087888252295731917e+01 9.176608777526180927e-02
2.129806726240441961e+01 9.590229088992940909e-02
2.172916371963360760e+01 1.000240514723483992e-01
2.217261201945605364e+01 1.041307488005375204e-01
2.262885357606095482e+01 1.082217644209853419e-01
2.309833102900629953e+01 1.122964822417850811e-01
2.358148816501411815e+01 1.163542886254161773e-01
2.407876982456858883e+01 1.203945724811575635e-01
2.459062179225003320e+01 1.244167253571192427e-01
2.511749066966814681e+01 1.284201415318732553e-01
2.565982372978625747e+01 1.324042181056720169e-01
2.621806875135282056e+01 1.363683550912443976e-01
2.679267383207537279e+01 1.403119555041500155e-01
2.738408717908905388e+01 1.442344254526771175e-01
2.799275687518504796e+01 1.481351742272761784e-01
2.861913061917278966e+01 1.520136143895226000e-01
2.926365543865152574e+01 1.558691618605900775e-01
2.992677737336482124e+01 1.597012360092122107e-01
3.060894112720687943e+01 1.635092597391200886e-01
3.131058968683942112e+01 1.672926595759483825e-01
3.203216390476110575e+01 1.710508657535997623e-01
3.277410204454803022e+01 1.747833123000488154e-01
3.353683928585714824e+01 1.784894371225723420e-01
3.432080718665282859e+01 1.821686820924015848e-01
3.512643309997408636e+01 1.858204931287742445e-01
3.595413954241663390e+01 1.894443202823758721e-01
3.680434351135356508e+01 1.930396178181638389e-01
3.767745574775904771e+01 1.966058442975577858e-01
3.857387994133505060e+01 2.001424626599769274e-01
3.949401187447244865e+01 2.036489403037074208e-01
4.043823850141097864e+01 2.071247491661094564e-01
4.140693695877853742e+01 2.105693658031484172e-01
4.240047350350582178e+01 2.139822714682260985e-01
4.341920237393101445e+01 2.173629521903003292e-01
4.446346456972641903e+01 2.207108988512878345e-01
4.553358654609248646e+01 2.240256072627350159e-01
4.662987881748800589e+01 2.273065782417519054e-01
4.775263446598803796e+01 2.305533176861914169e-01
4.890212754919463123e+01 2.337653366490473339e-01
5.007861140248837728e+01 2.369421514120775285e-01
5.128231683028270282e+01 2.400832835586584335e-01
5.251345018082686522e+01 2.431882600458352695e-01
5.377219129904586481e+01 2.462566132755617532e-01
5.505869135188227403e+01 2.492878811651247917e-01
5.637307052062656254e+01 2.522816072167346491e-01
5.771541555481528718e+01 2.552373405862655154e-01
5.908577718244913513e+01 2.581546361511418697e-01
6.048416737154771283e+01 2.610330545773743571e-01
6.191055643841907141e+01 2.638721623857326337e-01
6.336486999850963286e+01 2.666715320170306436e-01
6.484698575634517681e+01 2.694307418965125600e-01
6.635673013188325342e+01 2.721493764973301199e-01
6.789387472160430548e+01 2.748270264031133503e-01
6.945813259388198446e+01 2.774632883696254160e-01
7.104915441963552780e+01 2.800577653854921523e-01
7.266652444100691355e+01 2.826100667320040061e-01
7.430975628283096057e+01 2.851198080419696246e-01
7.597828861402571476e+01 2.875866113575917260e-01
7.767148066877567203e+01 2.900101051873690827e-01
7.938860764050480157e+01 2.923899245620433240e-01
8.112885596512890629e+01 2.947257110895646903e-01
8.289131851404057727e+01 2.970171130090704104e-01
8.467498972167226157e+01 2.992637852438629342e-01
8.647876067733568561e+01 3.014653894533794731e-01
8.830141421633408072e+01 3.036215940841409111e-01
9.014162005108460107e+01 3.057320744196705964e-01
9.199792998914871589e+01 3.077965126293846776e-01
9.386877329159550243e+01 3.098145978164631997e-01
9.575245223192405319e+01 3.117860260646849735e-01
9.764713792280446114e+01 3.137105004842030698e-01
9.955086648506484437e+01 3.155877312562562764e-01
1.014615356404738264e+02 3.174174356768075245e-01
1.033769018168147227e+02 3.191993381991110046e-01
1.052945778602918807e+02 3.209331704752014791e-01
1.072120314562650094e+02 3.226186713963101194e-01
1.091265843643636231e+02 3.242555871321876615e-01
1.110354125779942080e+02 3.258436711693349364e-01
1.129355475207406698e+02 3.273826843481308368e-01
1.148238783928929223e+02 3.288723948988468981e-01
1.166971557800159047e+02 3.303125784765599815e-01
1.185519966316624760e+02 3.317030181949378043e-01
1.203848907118583895e+02 3.330435046588859915e-01
1.221922086135365362e+02 3.343338359960782435e-01
1.239702114163196143e+02 3.355738178873613475e-01
1.257150620508836170e+02 3.367632635960255416e-01
1.274228384134397487e+02 3.379019939959230223e-01
1.290895482507032739e+02 3.389898375984368162e-01
1.307111458091290785e+02 3.400266305783037901e-01
1.322835502124553386e+02 3.410122167982957420e-01
1.338026654990750330e+02 3.419464478327473578e-01
1.352644022160169186e+02 3.428291829899105525e-01
1.366647004300926369e+02 3.436602893331354158e-01
1.379995539798086384e+02 3.444396417008815936e-01
1.392650357549110822e+02 3.451671227255580510e-01
1.404573237550278577e+02 3.458426228511980449e-01
1.415727276458579809e+02 3.464660403499606467e-01
1.426077155019807492e+02 3.470372813374572596e-01
1.435589404007131407e+02 3.475562597868954162e-01
1.444232665126511392e+02 3.480228975420253668e-01
1.451977943226475531e+02 3.484371243289032805e-01
1.458798846107249858e+02 3.487988777664880469e-01
1.464671808263692014e+02 3.491081033760449204e-01
1.469576295023609021e+02 3.493647545893431294e-01
1.473494983757953207e+02 3.495687927556627717e-01
1.476413919138866220e+02 3.497201871476139923e-01
1.478322639801218372e+02 3.498189149657672248e-01
1.479214274214661771e+02 3.498649613420846682e-01
1.476836130955057627e+02 3.498583193421483939e-01
1.437863121286946466e+02 3.497989899662047875e-01
1.413007665766666037e+02 3.496869821490273256e-01
1.387208113916965999e+02 3.495223127585739276e-01
1.361041769469889005e+02 3.493050065934449333e-01
1.334705751888405700e+02 3.490350963791528649e-01
1.308289467151016368e+02 3.487126227631910380e-01
1.281843015069446210e+02 3.483376343089063520e-01
1.255399616717159574e+02 3.479101874881798673e-01
1.228984394517356833e+02 3.474303466729246059e-01
1.202618268281679974e+02 3.468981841254012988e-01
1.176319847851713405e+02 3.463137799873374223e-01
1.150106413417259432e+02 3.456772222678570761e-01
1.123994444371883787e+02 3.449886068302224773e-01
1.097999909063767916e+02 3.442480373773930125e-01
1.072138420564914156e+02 3.434556254364067862e-01
1.046425313769699557e+02 3.426114903415755086e-01
1.020875674533036062e+02 3.417157592165131486e-01
9.955043387586702863e+01 3.407685669550074015e-01
9.703258723827627819e+01 3.397700562007213709e-01
9.453545392538998726e+01 3.387203773257160822e-01
9.206042615933985473e+01 3.376196884077975469e-01
8.960885763076773003e+01 3.364681552066954295e-01
8.718205895308292952e+01 3.352659511390867486e-01
8.478129311853173533e+01 3.340132572524762700e-01
8.240777109396331923e+01 3.327102621979383112e-01
8.006264766426500046e+01 3.313571622017189022e-01
7.774701760830623698e+01 3.299541610356919730e-01
7.546191227338755425e+01 3.285014699866726784e-01
7.320829659810988232e+01 3.269993078245925777e-01
7.098706661943120366e+01 3.254479007695521009e-01
6.879904748692362659e+01 3.238474824577453060e-01
6.664499199574972010e+01 3.221982939062692508e-01
6.452557963945427844e+01 3.205005834768356876e-01
6.244141617429312419e+01 3.187546068383890208e-01
6.039303367853121784e+01 3.169606269286113220e-01
5.838089108301625174e+01 3.151189139143080742e-01
5.640537514336119074e+01 3.132297451507009556e-01
5.446680181919765573e+01 3.112934051396533119e-01
5.256541802220844062e+01 3.093101854868310352e-01
5.070140369202795227e+01 3.072803848578051222e-01
4.887487415749706798e+01 3.052043089330755410e-01
4.708588274018732278e+01 3.030822703620361658e-01
4.533442355736201534e+01 3.009145887158943822e-01
4.362043448255618472e+01 2.987015904395412536e-01
4.194380022365715632e+01 2.964436088023831850e-01
4.030435548059253392e+01 2.941409838481494066e-01
3.870188814737009864e+01 2.917940623436773295e-01
3.713614252618310729e+01 2.894031977266928735e-01
3.560682252445991480e+01 2.869687500526061918e-01
3.411359480898340024e+01 2.844910859402968173e-01
3.265609189452980843e+01 2.819705785168855061e-01
3.123391514775789091e+01 2.794076073615296973e-01
2.984663769021903690e+01 2.768025584482650125e-01
2.849380718733998918e+01 2.741558240878846919e-01
2.717494851304321912e+01 2.714678028688542466e-01
2.588956628227183998e+01 2.687388995972804784e-01
2.463714724603574169e+01 2.659695252359448592e-01
2.341716254571064226e+01 2.631600968424182563e-01
2.222906982518495056e+01 2.603110375062662740e-01
2.107231520106851264e+01 2.574227762853353307e-01
1.994633509258747495e+01 2.544957481411439515e-01
1.885055791395111058e+01 2.515303938733726152e-01
1.778440563295811927e+01 2.485271600534728620e-01
1.674729520039216624e+01 2.454864989574215839e-01
1.573863985535502508e+01 2.424088684976120345e-01
1.475785031214873477e+01 2.392947321538816119e-01
1.380433583465199376e+01 2.361445589037088899e-01
1.287750520433401746e+01 2.329588231515949126e-01
1.197676758814518827e+01 2.297380046576181500e-01
1.110153331255119369e+01 2.264825884651844035e-01
1.025121454991871950e+01 2.231930648279847607e-01
9.425225923343882428e+00 2.198699291361680686e-01
8.622985035852890334e+00 2.165136818417401077e-01
7.843912929703604320e+00 2.131248283832039569e-01
7.087434481283344745e+00 2.097038791094426591e-01
6.352978736847732399e+00 2.062513492028457684e-01
5.639979194087585412e+00 2.027677586017178069e-01
4.947874034231045215e+00 1.992536319219871399e-01
4.276106309104863890e+00 1.957094983782078634e-01
3.624124087304425590e+00 1.921358917038604730e-01
2.991380563349701482e+00 1.885333500709677479e-01
2.377334133436540320e+00 1.849024160090476654e-01
1.781448441128988369e+00 1.812436363234073144e-01
1.203192396091238070e+00 1.775575620128015120e-01
6.420401687145286251e-01 1.738447481864600075e-01
9.747116326671712017e-02 1.701057539804878560e-01
-4.310300280211973867e-01 1.663411424736595534e-01
-9.439736877223161571e-01 1.625514806026199244e-01
-1.441865050816122817e+00 1.587373390765092485e-01
-1.925204395287825498e+00 1.548992922910159553e-01
-2.394487144051987038e+00 1.510379182418697397e-01
-2.850203976681614293e+00 1.471537984377969677e-01
-3.292840949568947018e+00 1.432475178129500037e-01
-3.722879623276895700e+00 1.393196646388217830e-01
-4.140797195962907296e+00 1.353708304356522341e-01
-4.547066641867914427e+00 1.314016098833484247e-01
-4.942156853967459185e+00 1.274126007319309473e-01
-5.326532789977456162e+00 1.234044037115105685e-01
-5.700655620991654793e+00 1.193776224418164750e-01
-6.064982882106841444e+00 1.153328633412967069e-01
-6.419968624465225204e+00 1.112707355357927808e-01
-6.766063568207073331e+00 1.071918507668026960e-01
-7.103715255884637259e+00 1.030968232993578343e-01
-7.433368205942722184e+00 9.898626982952545006e-02
-7.755464065919577266e+00 9.486080939154079017e-02
-8.070441765063765871e+00 9.072106326458224956e-02
-8.378737666101050863e+00 8.656765487920206614e-02
-8.680785715918958090e+00 8.240120972343271954e-02
-8.977017594967005465e+00 7.822235524858917044e-02
-9.267862865197811217e+00 7.403172077477954138e-02
-9.553749116397989738e+00 6.982993739613413409e-02
-9.835102110777487638e+00 6.561763788576771561e-02
-1.011234592570382596e+01 6.139545660048799369e-02
-1.038590309448219351e+01 5.716402938526417288e-02
-1.065619474509538023e+01 5.292399347747227256e-02
-1.092364073682709247e+01 4.867598741092901693e-02
-1.118865979460460558e+01 4.442065091972886154e-02
-1.145166964157474787e+01 4.015862484189954007e-02
-1.171308712841338107e+01 3.589055102289222254e-02
-1.197332836123893074e+01 3.161707221892247344e-02
-1.223280882662934310e+01 2.733883200017545034e-02
-1.249194351426534055e+01 2.305647465388876993e-02
-1.275114703704745267e+01 1.877064508732533693e-02
-1.301083374862512443e+01 1.448198873065224823e-02
-1.327141785827160625e+01 1.019115143974192242e-02
-1.353331354303192846e+01 5.898779398908887521e-03
-1.379693505706354983e+01 1.605519023595527138e-03
-1.406269683807990312e+01 -2.687983136976670150e-03
-1.433101361079659419e+01 -6.981080497174906897e-03
-1.460230048726842966e+01 -1.127312653232809964e-02
-1.487697306399227948e+01 -1.556347487609084645e-02
-1.515544751563639103e+01 -1.985147941778376765e-02
-1.543814068524099348e+01 -2.413649439969558011e-02
-1.572547017071788389e+01 -2.841787451433167022e-02
-1.601785440745826605e+01 -3.269497500159510711e-02
-1.631571274683809492e+01 -3.696715174588511427e-02
-1.661946553038881547e+01 -4.123376137309832379e-02
-1.692953415937853023e+01 -4.549416134751927548e-02
-1.724634115952399327e+01 -4.974771006858356298e-02
-1.757031024052778179e+01 -5.399376696749923904e-02
-1.790186635010752170e+01 -5.823169260371409417e-02
-1.824143572215440656e+01 -6.246084876121540258e-02
-1.858944591862653795e+01 -6.668059854464282454e-02
-1.894632586474979519e+01 -7.089030647519992123e-02
-1.931250587706423616e+01 -7.508933858635485903e-02
-1.968841768381661694e+01 -7.927706251931580794e-02
-2.007449443715995940e+01 -8.345284761826207709e-02
-2.047117071658017196e+01 -8.761606502531815721e-02
-2.087888252292619029e+01 -9.176608777525831206e-02
-2.129806726237357495e+01 -9.590229088992457962e-02
-2.172916371960306137e+01 -1.000240514723425705e-01
-2.217261201942542570e+01 -1.041307488005273618e-01
-2.262885357602965541e+01 -1.082217644209660795e-01
-2.309833102897399471e+01 -1.122964822417545500e-01
-2.358148816498099265e+01 -1.163542886253767644e-01
-2.407876982453559478e+01 -1.203945724811175955e-01
-2.459062179221862721e+01 -1.244167253570901549e-01
-2.511749066963949772e+01 -1.284201415318631523e-01
-2.565982372976100834e+01 -1.324042181056843404e-01
-2.621806875133076531e+01 -1.363683550912762610e-01
-2.679267383205504416e+01 -1.403119555041902056e-01
-2.738408717906842327e+01 -1.442344254527118674e-01
-2.799275687516322364e+01 -1.481351742273002703e-01
-2.861913061915034007e+01 -1.520136143895402525e-01
-2.926365543862939944e+01 -1.558691618606072860e-01
-2.992677737334365418e+01 -1.597012360092326388e-01
-3.060894112718713700e+01 -1.635092597391460678e-01
-3.131058968682159360e+01 -1.672926595759821333e-01
-3.203216390474495512e+01 -1.710508657536395083e-01
-3.277410204453234144e+01 -1.747833123000881173e-01
-3.353683928584005969e+01 -1.784894371226023180e-01
-3.432080718663211627e+01 -1.821686820924125760e-01
-3.512643309994823682e+01 -1.858204931287608108e-01
-3.595413954238584608e+01 -1.894443202823405670e-01
-3.680434351131970772e+01 -1.930396178181159883e-01
-3.767745574772406059e+01 -1.966058442975060494e-01
-3.857387994129894082e+01 -2.001424626599216383e-01
-3.949401187443370986e+01 -2.036489403036432499e-01
-4.043823850136804765e+01 -2.071247491660314077e-01
-4.140693695873013525e+01 -2.105693658030530491e-01
-4.240047350345192001e+01 -2.139822714681146321e-01
-4.341920237387541448e+01 -2.173629521901864203e-01
-4.446346456967676630e+01 -2.207108988511959080e-01
-4.553358654605827383e+01 -2.240256072626926054e-01
-4.662987881747639562e+01 -2.273065782417767744e-01
-4.775263446599915085e+01 -2.305533176862793465e-01
-4.890212754922099236e+01 -2.337653366491734552e-01
-5.007861140251893772e+01 -2.369421514122098671e-01
-5.128231683030814025e+01 -2.400832835587725644e-01
-5.251345018084357719e+01 -2.431882600459234212e-01
-5.377219129905843431e+01 -2.462566132756365822e-01
-5.505869135190012997e+01 -2.492878811652089466e-01
-5.637307052065550295e+01 -2.522816072168403423e-01
-5.771541555485102748e+01 -2.552373405863818667e-01
-5.908577718248008637e+01 -2.581546361512437882e-01
-6.048416737156312450e+01 -2.610330545774409705e-01
-6.191055643841268363e+01 -2.638721623857539500e-01
-6.336486999847826240e+01 -2.666715320170035541e-01
-6.484698575628625861e+01 -2.694307418964355105e-01
-6.635673013179591351e+01 -2.721493764972048868e-01
-6.789387472148925440e+01 -2.748270264029443744e-01
-6.945813259374091331e+01 -2.774632883694184704e-01
-7.104915441947289878e+01 -2.800577653852570070e-01
-7.266652444082914997e+01 -2.826100667317526516e-01
-7.430975628264299360e+01 -2.851198080417107206e-01
-7.597828861382997445e+01 -2.875866113573294913e-01
-7.767148066857718902e+01 -2.900101051871110669e-01
-7.938860764031659301e+01 -2.923899245618072906e-01
-8.112885596497352481e+01 -2.947257110893792831e-01
-8.289131851394292028e+01 -2.970171130089644951e-01
-8.467498972164470672e+01 -2.992637852438469470e-01
-8.647876067736495997e+01 -3.014653894534318757e-01
-8.830141421638550980e+01 -3.036215940842170724e-01
-9.014162005112129350e+01 -3.057320744197274398e-01
-9.199792998914908537e+01 -3.077965126293997766e-01
-9.386877329155366567e+01 -3.098145978164327796e-01
-9.575245223184167287e+01 -3.117860260646134751e-01
-9.764713792268972270e+01 -3.137105004841011513e-01
-9.955086648493097812e+01 -3.155877312561385928e-01
-1.014615356403334943e+02 -3.174174356766869542e-01
-1.033769018166713494e+02 -3.191993381989908785e-01
-1.052945778601350213e+02 -3.209331704750724712e-01
-1.072120314560768861e+02 -3.226186713961573527e-01
-1.091265843641354820e+02 -3.242555871320051408e-01
-1.110354125777350731e+02 -3.258436711691317655e-01
-1.129355475204796448e+02 -3.273826843479314408e-01
-1.148238783926718298e+02 -3.288723948986836954e-01
-1.166971557798664492e+02 -3.303125784764551764e-01
-1.185519966315883238e+02 -3.317030181948911749e-01
-1.203848907118425444e+02 -3.330435046588824388e-01
-1.221922086135560619e+02 -3.343338359960995598e-01
-1.239702114163513613e+02 -3.355738178873904354e-01
-1.257150620509027021e+02 -3.367632635960453036e-01
-1.274228384134306822e+02 -3.379019939959236885e-01
-1.290895482506733458e+02 -3.389898375984239376e-01
-1.307111458091002305e+02 -3.400266305782917997e-01
-1.322835502124512175e+02 -3.410122167982992947e-01
-1.338026654991133739e+02 -3.419464478327766677e-01
-1.352644022161037185e+02 -3.428291829899682841e-01
-1.366647004302189714e+02 -3.436602893332153519e-01
-1.379995539799537880e+02 -3.444396417009710776e-01
-1.392650357550501781e+02 -3.451671227256426500e-01
-1.404573237551289822e+02 -3.458426228512599954e-01
-1.415727276458851236e+02 -3.464660403499806307e-01
-1.426077155019023905e+02 -3.470372813374190679e-01
-1.435589404005145866e+02 -3.475562597867923875e-01
-1.444232665123510628e+02 -3.480228975418688253e-01
-1.451977943223151897e+02 -3.484371243287309738e-01
-1.458798846104514269e+02 -3.487988777663481588e-01
-1.464671808262102388e+02 -3.491081033759660945e-01
-1.469576295023194632e+02 -3.493647545893260320e-01
-1.473494983758375838e+02 -3.495687927556891950e-01
-1.476413919139557152e+02 -3.497201871476541823e-01
-1.478322639801537548e+02 -3.498189149657880970e-01
-1.479214274214121190e+02 -3.498649613420611315e-01
-1.476836130936090399e+02 -3.498583193420733428e-01
-1.437863121297446867e+02 -3.497989899660902124e-01
-1.413007665769323751e+02 -3.496869821488954311e-01
-1.387208113918941592e+02 -3.495223127584478062e-01
-1.361041769473916361e+02 -3.493050065933472337e-01
-1.334705751895366745e+02 -3.490350963791013505e-01
-1.308289467160755635e+02 -3.487126227631950348e-01
-1.281843015081041983e+02 -3.483376343089627514e-01
-1.255399616729549450e+02 -3.479101874882777889e-01
-1.228984394529748698e+02 -3.474303466730520595e-01
-1.202618268293390003e+02 -3.468981841255438514e-01
-1.176319847862388883e+02 -3.463137799874841938e-01
-1.150106413426732388e+02 -3.456772222679996287e-01
-1.123994444379928979e+02 -3.449886068303497089e-01
-1.097999909070270803e+02 -3.442480373774955971e-01
-1.072138420570052517e+02 -3.434556254364838357e-01
-1.046425313773915491e+02 -3.426114903416361268e-01
-1.020875674536773943e+02 -3.417157592165693258e-01
-9.955043387622285422e+01 -3.407685669550684637e-01
-9.703258723864537671e+01 -3.397700562007993086e-01
-9.453545392581231965e+01 -3.387203773258288808e-01
-9.206042615984161159e+01 -3.376196884079598615e-01
-8.960885763134999138e+01 -3.364681552069119230e-01
-8.718205895372962289e+01 -3.352659511393536462e-01
-8.478129311920481825e+01 -3.340132572527769184e-01
-8.240777109459291694e+01 -3.327102621982351849e-01
-8.006264766476779471e+01 -3.313571622019607088e-01
-7.774701760861150035e+01 -3.299541610358278643e-01
-7.546191227345366315e+01 -3.285014699866640187e-01
-7.320829659793493249e+01 -3.269993078244233797e-01
-7.098706661905931981e+01 -3.254479007692383519e-01
-6.879904748643950541e+01 -3.238474824573369659e-01
-6.664499199525924666e+01 -3.221982939058409268e-01
-6.452557963905026384e+01 -3.205005834764622086e-01
-6.244141617402551958e+01 -3.187546068381187925e-01
-6.039303367839303149e+01 -3.169606269284478972e-01
-5.838089108295494611e+01 -3.151189139142121509e-01
-5.640537514330868873e+01 -3.132297451506121377e-01
-5.446680181910174667e+01 -3.112934051395189750e-01
-5.256541802205263281e+01 -3.093101854866296407e-01
-5.070140369182502837e+01 -3.072803848575451080e-01
-4.887487415727036222e+01 -3.052043089327791114e-01
-4.708588273995862039e+01 -3.030822703617268576e-01
-4.533442355714505823e+01 -3.009145887155888488e-01
-4.362043448235379373e+01 -2.987015904392439358e-01
-4.194380022346382475e+01 -2.964436088020876436e-01
-4.030435548040259874e+01 -2.941409838478480920e-01
-3.870188814718358827e+01 -2.917940623433702418e-01
-3.713614252601058041e+01 -2.894031977263964439e-01
-3.560682252431843153e+01 -2.869687500523495083e-01
-3.411359480888777540e+01 -2.844910859401087455e-01
-3.265609189448776561e+01 -2.819705785167858081e-01
-3.123391514776686151e+01 -2.794076073615212596e-01
-2.984663769026759184e+01 -2.768025584483336243e-01
-2.849380718741161900e+01 -2.741558240880037078e-01
-2.717494851312256188e+01 -2.714678028689956890e-01
-2.588956628234660329e+01 -2.687388995974192563e-01
-2.463714724609515727e+01 -2.659695252360561035e-01
-2.341716254574543754e+01 -2.631600968424775422e-01
-2.222906982519009134e+01 -2.603110375062567261e-01
-2.107231520104655331e+01 -2.574227762852576151e-01
-1.994633509254757797e+01 -2.544957481410167199e-01
-1.885055791390783142e+01 -2.515303938732320610e-01
-1.778440563292793541e+01 -2.485271600533653924e-01
-1.674729520038519226e+01 -2.454864989573802836e-01
-1.573863985536879539e+01 -2.424088684976346830e-01
-1.475785031217191623e+01 -2.392947321539366790e-01
-1.380433583467336156e+01 -2.361445589037610704e-01
-1.287750520434487811e+01 -2.329588231516133423e-01
-1.197676758814048092e+01 -2.297380046575815127e-01
-1.110153331253239450e+01 -2.264825884650938093e-01
-1.025121454989350411e+01 -2.231930648278661888e-01
-9.425225923322514632e+00 -2.198699291360614871e-01
-8.622985035844118684e+00 -2.165136818416839304e-01
-7.843912929711307491e+00 -2.131248283832195001e-01
-7.087434481305226797e+00 -2.097038791095250376e-01
-6.352978736878286625e+00 -2.062513492029737772e-01
-5.639979194121693240e+00 -2.027677586018693523e-01
-4.947874034265611343e+00 -1.992536319221477892e-01
-4.276106309138140382e+00 -1.957094983783686237e-01
-3.624124087334837263e+00 -1.921358917040122405e-01
-2.991380563375835244e+00 -1.885333500711013077e-01
-2.377334133456871612e+00 -1.849024160091521374e-01
-1.781448441143044903e+00 -1.812436363234772585e-01
-1.203192396100227768e+00 -1.775575620128419241e-01
-6.420401687202712537e-01 -1.738447481864807687e-01
-9.747116327067772978e-02 -1.701057539804976260e-01
4.310300280183601007e-01 -1.663411424736622179e-01
9.439736877206290622e-01 -1.625514806026147063e-01
1.441865050815976490e+00 -1.587373390764924841e-01
1.925204395289840109e+00 -1.548992922909817604e-01
2.394487144056515415e+00 -1.510379182418138955e-01
2.850203976688417296e+00 -1.471537984377200292e-01
3.292840949577161336e+00 -1.432475178128582993e-01
3.722879623285537676e+00 -1.393196646387235282e-01
4.140797195971308575e+00 -1.353708304355535352e-01
4.547066641875773030e+00 -1.314016098832523904e-01
4.942156853974794650e+00 -1.274126007318376885e-01
5.326532789984528726e+00 -1.234044037114176429e-01
5.700655620998732687e+00 -1.193776224417211068e-01
6.064982882114249740e+00 -1.153328633411952325e-01
6.419968624473217922e+00 -1.112707355356819805e-01
6.766063568215089141e+00 -1.071918507666888981e-01
7.103715255891267510e+00 -1.030968232992583583e-01
7.433368205946553786e+00 -9.898626982945911423e-02
7.755464065919793093e+00 -9.486080939152014002e-02
8.070441765060419215e+00 -9.072106326460895043e-02
8.378737666095132042e+00 -8.656765487926496028e-02
8.680785715912088918e+00 -8.240120972351087925e-02
8.977017594960919666e+00 -7.822235524865828182e-02
9.267862865193965405e+00 -7.403172077481789959e-02
9.553749116397147745e+00 -6.982993739612930462e-02
9.835102110779542883e+00 -6.561763788571986500e-02
1.011234592570788671e+01 -6.139545660040855724e-02
1.038590309448712290e+01 -5.716402938517091414e-02
1.065619474509994014e+01 -5.292399347738339921e-02
1.092364073682953496e+01 -4.867598741085929492e-02
1.118865979471797267e+01 -4.442065091968620122e-02
1.145166964168430290e+01 -4.015862484188396919e-02
1.171308712851915246e+01 -3.589055102289769039e-02
