0.000000000000000000e+00 0.000000000000000000e+00
2.334934743233335014e-05 1.523053302074316378e-07
6.214890073526648353e-04 4.050743790679333822e-06
5.281953948627384800e-03 3.442815594062970206e-05
2.408678535852141339e-02 1.570691709885600588e-04
7.434199178845886380e-02 4.853572405381275648e-04
1.760644265355731375e-01 1.152206744291736336e-03
3.448830589365144972e-01 2.265805266911168590e-03
5.865557056317969309e-01 3.874785251170066898e-03
8.956934570473649160e-01 5.957946202844322491e-03
1.258534898635570443e+00 8.438058382129002069e-03
1.657720056995128255e+00 1.120909016413771005e-02
2.076771198796719453e+00 1.416419249067027257e-02
2.502908471164190018e+00 1.721558816447766108e-02
2.927961989101611540e+00 2.030326707055172056e-02
3.347872880599232825e+00 2.339407782353949972e-02
3.761500386279894581e+00 2.647513838266514138e-02
4.169340190872137697e+00 2.954560987286735524e-02
4.572514462216538789e+00 3.260967150312931578e-02
4.972156191549283122e+00 3.567196406852773949e-02
5.369146675190147100e+00 3.873550046539293856e-02
5.764088989855616241e+00 4.180134363220863042e-02
6.157393750803058730e+00 4.486918651198271851e-02
6.549385681993347141e+00 4.793814143925230475e-02
6.940382420119149742e+00 5.100734486355834596e-02
7.330732442329767728e+00 5.407625418851095406e-02
7.720819983465301739e+00 5.714468506875976933e-02
8.111052167912170319e+00 6.021270438743539510e-02
8.501841992321224950e+00 6.328048726654954270e-02
8.893595386630943622e+00 6.634820547551571746e-02
9.286705100035012705e+00 6.941597063796359213e-02
9.681550476411164396e+00 7.248382526821055272e-02
1.007850063584084666e+01 7.555176160046817024e-02
1.047791862618228897e+01 7.861974837556306994e-02
1.088016495045584797e+01 8.168775264692347549e-02
1.128559984263231719e+01 8.475575162874374180e-02
1.169458437374682269e+01 8.782373539859499034e-02
1.210748081153752409e+01 9.089170396995498169e-02
1.252465269488956245e+01 9.395966244936171385e-02
1.294646495278275289e+01 9.702761683777928747e-02
1.337328422118788041e+01 1.000955715759946629e-01
1.380547936994073055e+01 1.031635288116226346e-01
1.424342217489614981e+01 1.062314887960327664e-01
1.468748805289858694e+01 1.092994507267065485e-01
1.513805679595000697e+01 1.123674135337982688e-01
1.559551327271363341e+01 1.154353763727776344e-01
1.606024809353808180e+01 1.185033388002964261e-01
1.653265825204441342e+01 1.215713007285007946e-01
1.701314776174580246e+01 1.246392622813733975e-01
1.750212830380544560e+01 1.277072236494842250e-01
1.800001989636869126e+01 1.307751849930511578e-01
1.850725159037917322e+01 1.338431464025344464e-01
1.902426219318817147e+01 1.369111079020358390e-01
1.955150101990387412e+01 1.399790694734810992e-01
2.008942867273922417e+01 1.430470310832805403e-01
2.063851784975739179e+01 1.461149927012456717e-01
2.119925418567395070e+01 1.491829543091387766e-01
2.177213712834648263e+01 1.522509159010155544e-01
2.235768085515294956e+01 1.553188774792419180e-01
2.295641523371373438e+01 1.583868390496442347e-01
2.356888683150399189e+01 1.614548006178543882e-01
2.419565997898675747e+01 1.645227621875001989e-01
2.483731789106870380e+01 1.675907237599527366e-01
2.549446385197551734e+01 1.706586853349620070e-01
2.616772246905392407e+01 1.737266469115349432e-01
2.685774100151132515e+01 1.767946084886383162e-01
2.756519077067764556e+01 1.798625700655666071e-01
2.829076865900739790e+01 1.829305316420184180e-01
2.903519870572155526e+01 1.859984932180011319e-01
2.979923380773090713e+01 1.890664547936740103e-01
3.058365753530978992e+01 1.921344163692198515e-01
3.138928607290291239e+01 1.952023779447731311e-01
3.221697029647764765e+01 1.982703395203998242e-01
3.306759799999274207e+01 2.013383010961107555e-01
3.394209628485575081e+01 2.044062626718821940e-01
3.484143412771237536e+01 2.074742242476800835e-01
3.576662514355935940e+01 2.105421858234822752e-01
3.671873056302577254e+01 2.136101473992790545e-01
3.769886244477432058e+01 2.166781089750681455e-01
3.870818714634228996e+01 2.197460705508531287e-01
3.974792907941989029e+01 2.228140321266414703e-01
4.081937477860408592e+01 2.258819937024385549e-01
4.192387731612191715e+01 2.289499552782421898e-01
4.306286109894666936e+01 2.320179168540421888e-01
4.423782708920683149e+01 2.350858784298242854e-01
4.545035849390222893e+01 2.381538400055787374e-01
4.670212697579146521e+01 2.412218015813093475e-01
4.799489944402236574e+01 2.442897631570363770e-01
4.933054549078072171e+01 2.473577247327795325e-01
5.071104554912093931e+01 2.504256863085416174e-01
5.213849985738266923e+01 2.534936478843101137e-01
5.361513832743298735e+01 2.565616094600746688e-01
5.514333142769019958e+01 2.596295710358357822e-01
5.672560220784531282e+01 2.626975326115998932e-01
5.836463961078862184e+01 2.657654941873718868e-01
6.006331323895398810e+01 2.688334557631540389e-01
6.182468976770806535e+01 2.719014173389530109e-01
6.365205122824830397e+01 2.749693789147778511e-01
6.554891541763382179e+01 2.780373404906346657e-01
6.751905873508465561e+01 2.811053020665177926e-01
6.956654179287133388e+01 2.841732636424056380e-01
7.169573820856402335e+01 2.872412252182663384e-01
7.391136705509615012e+01 2.903091867940766346e-01
7.621852952844696460e+01 2.933771483698349725e-01
7.862275049282833095e+01 2.964451099455595595e-01
8.113002568383816993e+01 2.995130715212701578e-01
8.374687549587166302e+01 3.025810330969750384e-01
8.648040645708644547e+01 3.056489946726734241e-01
8.933838171094888025e+01 3.087169562483642604e-01
9.232930208743397316e+01 3.117849178240526542e-01
9.546249967149925908e+01 3.148528793997479314e-01
9.874824617714732256e+01 3.179208409754645803e-01
1.021978789323061392e+02 3.209888025512158127e-01
1.058239478990075497e+02 3.240567641270074573e-01
1.096403879287625642e+02 3.271247257028426225e-01
1.136627214288848364e+02 3.301926872787219747e-01
1.179082978501045744e+02 3.332606488546359658e-01
1.223965779760872010e+02 3.363286104305626689e-01
1.271494730036838803e+02 3.393965720064775482e-01
1.321917509856267259e+02 3.424645335823564563e-01
1.375515265488766659e+02 3.455324951581834059e-01
1.432608541503340689e+02 3.486004567339526239e-01
1.493564508253033694e+02 3.516684183096686067e-01
1.558805818853832079e+02 3.547363798853481187e-01
1.628821529679240712e+02 3.578043414610229678e-01
1.704180651105083371e+02 3.608723030367233520e-01
1.785549073503965758e+02 3.639402646124537122e-01
1.873710854564309614e+02 3.670082261881963404e-01
1.969594810393053876e+02 3.700761757114310879e-01
2.074272770616522905e+02 3.731430382279747882e-01
2.188540542243605671e+02 3.761950158193984595e-01
2.311090945663768252e+02 3.791675851214516557e-01
2.435357671610515240e+02 3.819038131665564162e-01
2.547503507649073526e+02 3.841620263735676111e-01
2.628583065525758116e+02 3.856832779230882080e-01
2.661594846426092431e+02 3.862779887832428760e-01
2.561866624444730860e+02 3.858842019966299830e-01
2.370908351017388043e+02 3.845752085404597898e-01
2.183279108666665138e+02 3.825235906387638996e-01
2.006997483512481608e+02 3.799449528268028509e-01
1.846999847607708602e+02 3.770452512840573589e-01
1.704811125784287924e+02 3.739865665921381366e-01
1.579592157764058129e+02 3.708749186253542107e-01
1.469239419743723545e+02 3.677654649199463832e-01
1.371279253675040195e+02 3.646769469378717821e-01
1.283427495599007955e+02 3.616077972387368722e-01
1.203836968696776637e+02 3.585490223983576197e-01
1.131127939453325695e+02 3.554920246016798902e-01
1.064305417713448065e+02 3.524317885086521440e-01
1.002643550380580706e+02 3.493669717110263750e-01
9.455840845840967290e+01 3.462985714260883863e-01
8.926667261770421646e+01 3.432284075986015148e-01
8.434903954099337398e+01 3.401580653615184358e-01
7.976961049193816677e+01 3.370884435436715676e-01
7.549613184028784474e+01 3.340197674607155998e-01
7.149983747319747351e+01 3.309518322938856394e-01
6.775530094206229137e+01 3.278842788456419743e-01
6.424016746593090943e+01 3.248167899365823064e-01
6.093478449265595032e+01 3.217491780070665941e-01
5.782180000051594959e+01 3.186813864202922009e-01
5.488579048060898202e+01 3.156134456960223988e-01
5.211295184570015948e+01 3.125454213335167042e-01
4.949085911540764471e+01 3.094773749895150528e-01
4.700828399472102603e+01 3.064093456955667705e-01
4.465505376623847411e+01 3.033413477657006529e-01
4.242193654607801534e+01 3.002733780190223745e-01
4.030054265438093353e+01 2.972054253693592329e-01
3.828323658343371250e+01 2.941374784055771907e-01
3.636305736239021513e+01 2.910695293885346979e-01
3.453364679539875937e+01 2.880015750632974325e-01
3.278918551171076956e+01 2.849336155645407209e-01
3.112433659455293267e+01 2.818656527135535717e-01
2.953419621579236320e+01 2.787976885778043479e-01
2.801425045469315123e+01 2.757297246509571309e-01
2.656033740058357395e+01 2.726617616273609435e-01
2.516861370258455821e+01 2.695937995570170664e-01
2.383552486744816434e+01 2.665258381429176371e-01
2.255777875761467755e+01 2.634578770107401380e-01
2.133232186869769009e+01 2.603899158731870500e-01
2.015631805623981876e+01 2.573219545847569845e-01
1.902712943956279901e+01 2.542539931218554261e-01
1.794229924636143281e+01 2.511860315313632075e-01
1.689953638594407792e+01 2.481180698804303364e-01
1.589670155897840509e+01 2.450501082238956130e-01
1.493179473078799191e+01 2.419821465917658954e-01
1.400294381448173198e+01 2.389141849911834148e-01
1.310839442892173423e+01 2.358462234151536274e-01
1.224650061379225008e+01 2.327782618517968971e-01
1.141571639920955938e+01 2.297103002907386893e-01
1.061458814025209207e+01 2.266423387258820754e-01
9.841747537645050059e+00 2.235743771553822812e-01
9.095905274981122446e+00 2.205064155801979286e-01
8.375845210661468698e+00 2.174384540024066614e-01
7.680419069513524377e+00 2.143704924239591136e-01
7.008541585016826225e+00 2.113025308460768081e-01
6.359186048370371935e+00 2.082345692691922323e-01
5.731380225345414026e+00 2.051666076931888683e-01
5.124202606052222109e+00 2.020986461177094184e-01
4.536778956457286682e+00 1.990306845423964743e-01
3.968279143758207006e+00 1.959627229670105053e-01
3.417914210616113113e+00 1.928947613914515635e-01
2.884933675795956720e+00 1.898267998157265046e-01
2.368623041025180953e+00 1.867588382398958913e-01
1.868301485891338931e+00 1.836908766640296120e-01
1.383319734386327715e+00 1.806229150881785706e-01
9.130580783011550405e-01 1.775549535123653877e-01
4.569245440986400286e-01 1.744869919365833744e-01
1.435319116872091350e-02 1.714190303608129351e-01
-4.151974694928005083e-01 1.683510687850392762e-01
-8.322459461191785701e-01 1.652831072092571518e-01
-1.237289135539940688e+00 1.622151456334640640e-01
-1.630803599274538662e+00 1.591471840576596242e-01
-2.013246753810395528e+00 1.560792224818463303e-01
-2.385057981857456877e+00 1.530112609060281514e-01
-2.746659670770267070e+00 1.499432993302147188e-01
-3.098458183790112397e+00 1.468753377544192995e-01
-3.440844769269760572e+00 1.438073761786507476e-01
-3.774196412601055872e+00 1.407394146029075921e-01
-4.098876635166906368e+00 1.376714530271780090e-01
-4.415236244277837230e+00 1.346034914514463721e-01
-4.723614037726078685e+00 1.315355298757000524e-01
-5.024337466291988186e+00 1.284675682999349977e-01
-5.317723257267494397e+00 1.253996067241569257e-01
-5.604078001815631538e+00 1.223316451483742184e-01
-5.883698708760264573e+00 1.192636835725936068e-01
-6.156873327197994961e+00 1.161957219968165061e-01
-6.423881240138199722e+00 1.131277604210394472e-01
-6.684993731208363599e+00 1.100597988452579473e-01
-6.940474426307590150e+00 1.069918372694711184e-01
-7.190579711950189079e+00 1.039238756936827490e-01
-7.435559131911863240e+00 1.008559141178993063e-01
-7.675655763673081999e+00 9.778795254212496735e-02
-7.911106576046025296e+00 9.471999096635728976e-02
-8.142142769272421532e+00 9.165202939058945952e-02
-8.368990098789678811e+00 8.858406781481695247e-02
-8.591869183780078245e+00 8.551610623903917185e-02
-8.810995801540729033e+00 8.244814466325672830e-02
-9.026581168641756747e+00 7.938018308747046836e-02
-9.238832209776228765e+00 7.631222151168336187e-02
-9.447951815146947041e+00 7.324425993590003015e-02
-9.654139087180451995e+00 7.017629836012469202e-02
-9.857589577308978335e+00 6.710833678435769445e-02
-1.005849551351501070e+01 6.404037520859492960e-02
-1.025704601929132309e+01 6.097241363283253252e-02
-1.045342732463149638e+01 5.790445205706785253e-02
-1.064782296962949459e+01 5.483649048129743409e-02
-1.084041400123490995e+01 5.176852890551790487e-02
-1.103137916367995075e+01 4.870056732972836283e-02
-1.122089508305191607e+01 4.563260575393220803e-02
-1.140913644656898107e+01 4.256464417813525525e-02
-1.159627617676979661e+01 3.949668260234187600e-02
-1.178248560133924983e+01 3.642872102655394378e-02
-1.196793461875138398e+01 3.336075945077172228e-02
-1.215279186019643021e+01 3.029279787499468066e-02
-1.233722484814940223e+01 2.722483629922178849e-02
-1.252140015193347544e+01 2.415687472345174128e-02
-1.270548354061985563e+01 2.108891314768266897e-02
-1.288964013359412419e+01 1.802095157191241359e-02
-1.307403454910942031e+01 1.495298999613953357e-02
-1.325883105113784843e+01 1.188502842036360217e-02
-1.344419369482402082e+01 8.817066844585151955e-03
-1.363028647083809197e+01 5.749105268805221151e-03
-1.381727344892030551e+01 2.681143693024706613e-03
-1.400531892090473285e+01 -3.868178827558746576e-04
-1.419458754350670127e+01 -3.454779458536207104e-03
-1.438524448115612486e+01 -6.522741034316042498e-03
-1.457745554915773845e+01 -9.590702610095206554e-03
-1.477138735745889697e+01 -1.265866418587367759e-02
-1.496720745530634211e+01 -1.572662576165151024e-02
-1.516508447707504637e+01 -1.879458733742882248e-02
-1.536518828955487237e+01 -2.186254891320579472e-02
-1.556769014098451365e+01 -2.493051048898276695e-02
-1.577276281212678732e+01 -2.799847206476007225e-02
-1.598058076968510122e+01 -3.106643364053755796e-02
-1.619132032236775132e+01 -3.413439521631466550e-02
-1.640515977991450214e+01 -3.720235679209078078e-02
-1.662227961540884280e+01 -4.027031836786511276e-02
-1.684286263120964477e+01 -4.333827994363687042e-02
-1.706709412884728394e+01 -4.640624151940620640e-02
-1.729516208324193371e+01 -4.947420309517507747e-02
-1.752725732161573546e+01 -5.254216467094643961e-02
-1.776357370748618791e+01 -5.561012624672241611e-02
-1.800430833014527465e+01 -5.867808782250346494e-02
-1.824966170004721633e+01 -6.174604939828785138e-02
-1.849983795054838254e+01 -6.481401097407306355e-02
-1.875504504646461967e+01 -6.788197254985617324e-02
-1.901549499993593173e+01 -7.094993412563534163e-02
-1.928140409411422240e+01 -7.401789570140955565e-02
-1.955299311521878636e+01 -7.708585727717823244e-02
-1.983048759353530599e+01 -8.015381885294346753e-02
-2.011411805396725683e+01 -8.322178042871175574e-02
-2.040412027678477003e+01 -8.628974200448974452e-02
-2.070073556925646230e+01 -8.935770358027801674e-02
-2.100421104889298007e+01 -9.242566515607106292e-02
-2.131479993907675663e+01 -9.549362673186205519e-02
-2.163276187790241423e+01 -9.856158830764664980e-02
-2.195836324110717896e+01 -1.016295498834237643e-01
-2.229187748003054281e+01 -1.046975114591957717e-01
-2.263358547560623180e+01 -1.077654730349652673e-01
-2.298377590946049054e+01 -1.108334346107344437e-01
-2.334274565326596473e+01 -1.139013961865060626e-01
-2.371080017758287539e+01 -1.169693577622826774e-01
-2.408825398150953134e+01 -1.200373193380658288e-01
-2.447543104456188345e+01 -1.231052809138545451e-01
-2.487266530230847295e+01 -1.261732424896432614e-01
-2.528030114740431245e+01 -1.292412040654269678e-01
-2.569869395779162602e+01 -1.323091656412023198e-01
-2.612821065397561071e+01 -1.353771272169691509e-01
-2.656923028743441506e+01 -1.384450887927345386e-01
-2.702214466238574531e+01 -1.415130503685068930e-01
-2.748735899331593302e+01 -1.445810119442859920e-01
-2.796529260087768520e+01 -1.476489735200667841e-01
-2.845637964897633410e+01 -1.507169350958469933e-01
-2.896106992610230080e+01 -1.537848966716254262e-01
-2.947982967423335054e+01 -1.568528582474007782e-01
-3.001314246891764981e+01 -1.599208198231722167e-01
-3.056151015446600283e+01 -1.629887813989401024e-01
-3.112545383853209202e+01 -1.660567429747056845e-01
-3.170551495074705528e+01 -1.691247045504731261e-01
-3.230225637050028098e+01 -1.721926661262474789e-01
-3.291626362943242867e+01 -1.752606277020305747e-01
-3.354814619473059878e+01 -1.783285892778181114e-01
-3.419853883989715371e+01 -1.813965508536048987e-01
-3.486810311030510690e+01 -1.844645124293885496e-01
-3.555752889157060537e+01 -1.875324740051676486e-01
-3.626753608957279340e+01 -1.906004355809385598e-01
-3.699887643184138852e+01 -1.936683971566957874e-01
-3.775233540102565399e+01 -1.967363587324404695e-01
-3.852873431226483802e+01 -1.998043203081848462e-01
-3.932893254752442402e+01 -2.028722818839476250e-01
-4.015382996135681282e+01 -2.059402434597377429e-01
-4.100436947411575517e+01 -2.090082050355442644e-01
-4.188153987041580706e+01 -2.120761666113506749e-01
-4.278637882260034786e+01 -2.151441281871500077e-01
-4.371997616122087749e+01 -2.182120897629460932e-01
-4.468347741706558907e+01 -2.212800513387468415e-01
-4.567808766213869376e+01 -2.243480129145519475e-01
-4.670507568024498823e+01 -2.274159744903484770e-01
-4.776577850152555982e+01 -2.304839360661228298e-01
-4.886160633948580312e+01 -2.335518976418723969e-01
-4.999404797385148669e+01 -2.366198592176036453e-01
-5.116467662807705352e+01 -2.396878207933283711e-01
-5.237515639660384892e+01 -2.427557823690600636e-01
-5.362724928416840697e+01 -2.458237439448109629e-01
-5.492282292774534369e+01 -2.488917055205902007e-01
-5.626385908125722324e+01 -2.519596670964003859e-01
-5.765246295422013389e+01 -2.550276286722395480e-01
-5.909087350826087714e+01 -2.580955902480962516e-01
-6.058147483028320579e+01 -2.611635518239517895e-01
-6.212680871831305041e+01 -2.642315133997891752e-01
-6.372958863618337944e+01 -2.672994749755995825e-01
-6.539271521677338228e+01 -2.703674365513794586e-01
-6.711929352115666347e+01 -2.734353981271312461e-01
-6.891265229350501897e+01 -2.765033597028618839e-01
-7.077636548994388477e+01 -2.795713212785830293e-01
-7.271427640492223077e+01 -2.826392828543062841e-01
-7.473052477252558390e+01 -2.857072444300393088e-01
-7.682957728429823874e+01 -2.887752060057885428e-01
-7.901626204176147894e+01 -2.918431675815599813e-01
-8.129580755368974110e+01 -2.949111291573559002e-01
-8.367388699874629765e+01 -2.979790907331688610e-01
-8.615666860757274037e+01 -3.010470523089833761e-01
-8.875087318022933403e+01 -3.041150138847850126e-01
-9.146383995178996429e+01 -3.071829754605668872e-01
-9.430360225951164921e+01 -3.102509370363317198e-01
-9.727897476024051571e+01 -3.133188986120887254e-01
-1.003996543105609192e+02 -3.163868601878428444e-01
-1.036763370726283569e+02 -3.194548217635971854e-01
-1.071208549687463574e+02 -3.225227833393568555e-01
-1.107463353077049959e+02 -3.255907449151263511e-01
-1.145673882848893470e+02 -3.286587064909091138e-01
-1.186003281675375405e+02 -3.317266680667076417e-01
-1.228634353840173645e+02 -3.347946296425143853e-01
-1.273772685313560231e+02 -3.378625912183155777e-01
-1.321650376178432964e+02 -3.409305527941041136e-01
-1.372530528273769903e+02 -3.439985143698793824e-01
-1.426712669448097586e+02 -3.470664759456414949e-01
-1.484539346084214060e+02 -3.501344375213945037e-01
-1.546404181537160127e+02 -3.532023990971444039e-01
-1.612761785255688380e+02 -3.562703606729009653e-01
-1.684140013111590406e+02 -3.593383222486773443e-01
-1.761155234197709945e+02 -3.624062838244763163e-01
-1.844531467502471571e+02 -3.654742454002868346e-01
-1.935124533666140962e+02 -3.685422069760997954e-01
-2.033952367712764726e+02 -3.716101564994143125e-01
-2.142196911495813367e+02 -3.746770190160563785e-01
-2.260772939789360407e+02 -3.777289966075836891e-01
-2.388418417084552061e+02 -3.807015659097210403e-01
-2.518345073716544391e+02 -3.834377939548751502e-01
-2.636017296008673156e+02 -3.856960071619010000e-01
-2.721334563666182476e+02 -3.872172587114147135e-01
-2.756128855369204871e+02 -3.878119695715544490e-01
-2.650604010763170209e+02 -3.874181827849140225e-01
-2.452594056023941960e+02 -3.861091893286905941e-01
-2.258019972459918563e+02 -3.840575714269172103e-01
-2.074926312587087693e+02 -3.814789336148722287e-01
-1.908571336718839291e+02 -3.785792320720653970e-01
-1.760661708424016467e+02 -3.755205473801224159e-01
-1.630399533365274181e+02 -3.724088994133369357e-01
-1.515632654859554975e+02 -3.692994457079218362e-01
-1.413800800453203124e+02 -3.662109277258288054e-01
-1.322529900940523078e+02 -3.631417780266774642e-01
-1.239896068175708734e+02 -3.600830031862952696e-01
-1.164460032282295003e+02 -3.570260053896199826e-01
-1.095182095569659992e+02 -3.539657692965747504e-01
-1.031302260362074605e+02 -3.509009524988974671e-01
-9.722348719043728238e+01 -3.478325522138837611e-01
-9.174964154975222641e+01 -3.447623883863222272e-01
-8.666653971629943953e+01 -3.416920461491942951e-01
-8.193646275300801562e+01 -3.386224243313517013e-01
-7.752553630932703754e+01 -3.355537482484525769e-01
-7.340356206479059153e+01 -3.324858130817174295e-01
-6.954385709903448287e+01 -3.294182596335787916e-01
-6.592296849911716095e+01 -3.263507707246047773e-01
-6.252028374195577243e+01 -3.232831587951339181e-01
-5.931760889105530055e+01 -3.202153672083606906e-01
-5.629877863065026844e+01 -3.171474264840649093e-01
-5.344933225469865334e+01 -3.140794021215283505e-01
-5.075626138853258595e+01 -3.110113557775006643e-01
-4.820781800848892118e+01 -3.079433264835281792e-01
-4.579336553139651755e+01 -3.048753285536381363e-01
-4.350325749115252449e+01 -3.018073588069365432e-01
-4.132873320014887497e+01 -2.987394061572527515e-01
-3.926182468034743778e+01 -2.956714591934579972e-01
-3.729527256341732766e+01 -2.926035101764148383e-01
-3.542245038353212294e+01 -2.895355558511842342e-01
-3.363729716065662956e+01 -2.864675963524333513e-01
-3.193425799762025008e+01 -2.833996335014513090e-01
-3.030823206933019520e+01 -2.803316693657140757e-01
-2.875452713201431720e+01 -2.772637054388947808e-01
-2.726881960459570919e+01 -2.741957424153423362e-01
-2.584711934335376071e+01 -2.711277803450389268e-01
-2.448573837571802159e+01 -2.680598189309561508e-01
-2.318126301643718890e+01 -2.649918577987646628e-01
-2.193052892168412882e+01 -2.619238966611702191e-01
-2.073059873124499575e+01 -2.588559353726833101e-01
-1.957874200980353407e+01 -2.557879739097147498e-01
-1.847241723636489397e+01 -2.527200123191464809e-01
-1.740925561686584899e+01 -2.496520506681433049e-01
-1.638704651648392385e+01 -2.465840890115653938e-01
-1.540372432873238928e+01 -2.435161273794253789e-01
-1.445735661891308332e+01 -2.404481657788579696e-01
-1.354613339931612614e+01 -2.373802042028548276e-01
-1.266835741180040031e+01 -2.343122426395218838e-01
-1.182243530942171539e+01 -2.312442810784803016e-01
-1.100686964243901933e+01 -2.281763195136359001e-01
-1.022025156551995551e+01 -2.251083579431517601e-01
-9.461254192645361272e+00 -2.220403963679912773e-01
-8.728626534483073129e+00 -2.189724347902256563e-01
-8.021187960179595677e+00 -2.159044732117966492e-01
-7.337823131838435486e+00 -2.128365116339265561e-01
-6.677477365565431811e+00 -2.097685500570537764e-01
-6.039152377951568340e+00 -2.067005884810655947e-01
-5.421902381283979722e+00 -2.036326269056003557e-01
-4.824830494693626903e+00 -2.005646653302910754e-01
-4.247085441900540381e+00 -1.974967037548946702e-01
-3.687858509268346907e+00 -1.944287421793147452e-01
-3.146380740577078505e+00 -1.913607806035654835e-01
-2.621920347307693966e+00 -1.882928190277153302e-01
-2.113780315350193284e+00 -1.852248574518347568e-01
-1.621296190934981896e+00 -1.821568958759715862e-01
-1.143834030264934132e+00 -1.790889343001478562e-01
-6.807884988263708248e-01 -1.760209727243636502e-01
-2.315811077009030106e-01 -1.729530111486046184e-01
2.043414245991999056e-01 -1.698850495728552734e-01
6.275086951764849985e-01 -1.668170879971097864e-01
1.038428034116092302e+00 -1.637491264213667697e-01
1.437585824748643271e+00 -1.606811648456224206e-01
1.825448734605085166e+00 -1.576132032698716046e-01
2.202464864163752978e+00 -1.545452416941081597e-01
2.569064819858464244e+00 -1.514772801183290607e-01
2.925662717250124167e+00 -1.484093185425363892e-01
3.272657119751166022e+00 -1.453413569667368621e-01
3.610431917829050263e+00 -1.422733953909403048e-01
3.939357153196891392e+00 -1.392054338151539894e-01
4.259789792119385687e+00 -1.361374722393776660e-01
4.572074451618499680e+00 -1.330695106636074210e-01
4.876544082053607454e+00 -1.300015490878403124e-01
5.173520609267441728e+00 -1.269335875120745916e-01
5.463315539231416551e+00 -1.238656259363077328e-01
5.746230527889886197e+00 -1.207976643605374600e-01
6.022557918691124890e+00 -1.177297027847606231e-01
6.292581250098009171e+00 -1.146617412089743493e-01
6.556575735195012911e+00 -1.115937796331801929e-01
6.814808715347537849e+00 -1.085258180573832748e-01
7.067540089721298102e+00 -1.054578564815896735e-01
7.315022722334941996e+00 -1.023898949058046209e-01
7.557502828196436262e+00 -9.932193333002913016e-02
7.795220339960508227e+00 -9.625397175426000929e-02
8.028409256441856101e+00 -9.318601017849111046e-02
8.257297974224053760e+00 -9.011804860271771522e-02
8.482109603517828944e+00 -8.705008702694000400e-02
8.703062269343078583e+00 -8.398212545115989192e-02
8.920369399035136482e+00 -8.091416387537744837e-02
9.134239997009066414e+00 -7.784620229959150761e-02
9.344878907654921463e+00 -7.477824072380175047e-02
9.552487067180258862e+00 -7.171027914800937042e-02
9.757261745164326427e+00 -6.864231757221693486e-02
9.959396776540510032e+00 -6.557435599642733037e-02
1.015908278468006998e+01 -6.250639442064268025e-02
1.035650739620956529e+01 -5.943843284486373391e-02
1.055185544815817167e+01 -5.637047126908995009e-02
1.074530918799624502e+01 -5.330250969331869898e-02
1.093704846709637302e+01 -5.023454811754688581e-02
1.112725092812045347e+01 -4.716658654177291465e-02
1.131609218680656426e+01 -4.409862496599685489e-02
1.150374600858478935e+01 -4.103066339021935877e-02
1.169038448054231516e+01 -3.796270181444071773e-02
1.187617817900640915e+01 -3.489474023866066810e-02
1.206129633325238792e+01 -3.182677866287914048e-02
1.224590698566494318e+01 -2.875881708709724510e-02
1.243017714872166657e+01 -2.569085551131744180e-02
1.261427295914589664e+01 -2.262289393554196837e-02
1.279835982956493012e+01 -1.955493235977153257e-02
1.298260259799799243e+01 -1.648697078400502419e-02
1.316716567548979278e+01 -1.341900920823995910e-02
1.335221319219684233e+01 -1.035104763247356174e-02
1.353790914222708786e+01 -7.283086056703584783e-03
1.372441752752716404e+01 -4.215124480928999530e-03
1.391190250110703452e+01 -1.147162905150278696e-03
1.410052850988784989e+01 1.920798670631073280e-03
1.429046043745614725e+01 4.988760246413369813e-03
1.448186374700574319e+01 8.056721822195344121e-03
1.467490462474792245e+01 1.112468339797639989e-02
1.486975012407078012e+01 1.419264497375648769e-02
1.506656831072978342e+01 1.726060654953575149e-02
1.526552840935381994e+01 2.032856812531440641e-02
1.546680095155412182e+01 2.339652970109259988e-02
1.567055792592769414e+01 2.646449127687064071e-02
1.587697293025197531e+01 2.953245285264884806e-02
1.608622132617378497e+01 3.260041442842733644e-02
1.629848039670291371e+01 3.566837600420597054e-02
1.651392950682910765e+01 3.873633757998402871e-02
1.673275026759085904e+01 4.180429915576041461e-02
1.695512670393518562e+01 4.487226073153458700e-02
1.718124542671954558e+01 4.794022230730739242e-02
1.741129580922032360e+01 5.100818388307992723e-02
1.764547016852739958e+01 5.407614545885267715e-02
1.788396395222051893e+01 5.714410703462621116e-02
1.812697593074069502e+01 6.021206861040093172e-02
1.837470839588952387e+01 6.328003018617554820e-02
1.862736736591088516e+01 6.634799176194781933e-02
1.888516279763234706e+01 6.941595333771696796e-02
1.914830880616850450e+01 7.248391491348397941e-02
1.941702389271622664e+01 7.555187648924999166e-02
1.969153118100169308e+01 7.861983806501532390e-02
1.997205866297136367e+01 8.168779964078094757e-02
2.025883945435356281e+01 8.475576121654862516e-02
2.055211206075566466e+01 8.782372279232018852e-02
2.085212065500307332e+01 9.089168436809667850e-02
2.115911536647099567e+01 9.395964594387923308e-02
2.147335258320772056e+01 9.702760751966706121e-02
2.179509526770167227e+01 1.000955690954577204e-01
2.212461328720095466e+01 1.031635306712499756e-01
2.246218375955541191e+01 1.062314922470439654e-01
2.280809141561875819e+01 1.092994538228386214e-01
2.316262897932173814e+01 1.123674153986297802e-01
2.352609756660648443e+01 1.154353769744119323e-01
2.389880710449786250e+01 1.185033385501811642e-01
2.428107677168119594e+01 1.215713001259359077e-01
2.467323546205886231e+01 1.246392617016803261e-01
2.507562227286848611e+01 1.277072232774265070e-01
2.548858701906632973e+01 1.307751848531888139e-01
2.591249077581311866e+01 1.338431464289741857e-01
2.634770645104531184e+01 1.369111080047790974e-01
2.679461939027192940e+01 1.399790695805953056e-01
2.725362801590831907e+01 1.430470311564142616e-01
2.772514450364876026e+01 1.461149927322293318e-01
2.820959549858764959e+01 1.491829543080358811e-01
2.870742287402732273e+01 1.522509158838324106e-01
2.921908453616002177e+01 1.553188774596206134e-01
2.974505527808679872e+01 1.583868390354029598e-01
3.028582768693944161e+01 1.614548006111799494e-01
3.084191310820560616e+01 1.645227621869505275e-01
3.141384267172412592e+01 1.675907237627119739e-01
3.200216838422575449e+01 1.706586853384657598e-01
3.260746429374069777e+01 1.737266469142177971e-01
3.323032773169372689e+01 1.767946084899741366e-01
3.387138063906029117e+01 1.798625700657391357e-01
3.453127098356720381e+01 1.829305316415144878e-01
3.521067427560172547e+01 1.859984932173002481e-01
3.591029519124767688e+01 1.890664547930924755e-01
3.663086931171226013e+01 1.921344163688845641e-01
3.737316498934519871e+01 1.952023779446695473e-01
3.813798535150176150e+01 1.982703395204416796e-01
3.892617045467767412e+01 2.013383010962023489e-01
3.973859960265632196e+01 2.044062626719609088e-01
4.057619384388606676e+01 2.074742242477248255e-01
4.143991866497185583e+01 2.105421858234983734e-01
4.233078689902739455e+01 2.136101473992837174e-01
4.324986186974094693e+01 2.166781089750802469e-01
4.419826079438827549e+01 2.197460705508844370e-01
4.517715847171754007e+01 2.228140321266912083e-01
4.618779128367908271e+01 2.258819937024927338e-01
4.723146154343834269e+01 2.289499552782786052e-01
4.830954222604915316e+01 2.320179168540419667e-01
4.942348212264911922e+01 2.350858784297845394e-01
5.057481146416550644e+01 2.381538400055203397e-01
5.176514806638009958e+01 2.412218015812698235e-01
5.299620405492756703e+01 2.442897631570490335e-01
5.426979323652479081e+01 2.473577247328579143e-01
5.558783919162576126e+01 2.504256863086832818e-01
5.695238417394900665e+01 2.534936478845086216e-01
5.836559891419057067e+01 2.565616094603198061e-01
5.982979343900024816e+01 2.596295710361073428e-01
6.134742903229404476e+01 2.626975326118703435e-01
6.292113148460720140e+01 2.657654941876188004e-01
6.455370579796021957e+01 2.688334557633674238e-01
6.624815253921643432e+01 2.719014173391239853e-01
6.800768606487199008e+01 2.749693789148857648e-01
6.983575487550361061e+01 2.780373404906464341e-01
7.173606439978925664e+01 2.811053020664063262e-01
7.371260255742495815e+01 2.841732636421711589e-01
7.576966850902495310e+01 2.872412252179499248e-01
7.791190507116048991e+01 2.903091867937488968e-01
8.014433535856286994e+01 2.933771483695620796e-01
8.247240431625776580e+01 2.964451099453752625e-01
8.490202592579596796e+01 2.995130715211757888e-01
8.743963701663648180e+01 3.025810330969566087e-01
9.009225879215645705e+01 3.056489946727138363e-01
9.286756739732605581e+01 3.087169562484446406e-01
9.577397512148463932e+01 3.117849178241596797e-01
9.882072415718496927e+01 3.148528793998767172e-01
1.020179952407042379e+02 3.179208409756111298e-01
1.053770340018106566e+02 3.209888025513688015e-01
1.089102984761638879e+02 3.240567641271493438e-01
1.126316320175981360e+02 3.271247257029518685e-01
1.165564668343763515e+02 3.301926872787728229e-01
1.207020646222776747e+02 3.332606488546008827e-01
1.250878023559440919e+02 3.363286104304194502e-01
1.297355133316940226e+02 3.393965720062124269e-01
1.346698961682070603e+02 3.424645335819707648e-01
1.399190078515909477e+02 3.455324951577004589e-01
1.455148613087783360e+02 3.486004567334157200e-01
1.514941537480834199e+02 3.516684183091265958e-01
1.578991595821361784e+02 3.547363798848409688e-01
1.647788317833114888e+02 3.578043414605691086e-01
1.721901688947759226e+02 3.608723030363265583e-01
1.801999228526304364e+02 3.639402646121286389e-01
1.888867469736232181e+02 3.670082261879774044e-01
1.983438796089662048e+02 3.700761757113547046e-01
2.086790415092306432e+02 3.731430382280549463e-01
2.199730506012263902e+02 3.761950158196233907e-01
2.320987631392241326e+02 3.791675851218009319e-01
2.444071456857359124e+02 3.819038131670009495e-01
2.555253004823899516e+02 3.841620263740621044e-01
2.635692514707619125e+02 3.856832779235829234e-01
2.668456804257019712e+02 3.862779887836960691e-01
2.563476438279753324e+02 3.858842019970103454e-01
2.371427906952856688e+02 3.845752085407455612e-01
2.183542966466747259e+02 3.825235906389459761e-01
2.007150489719797122e+02 3.799449528268838971e-01
1.847096280209552788e+02 3.770452512840493653e-01
1.704875870040618224e+02 3.739865665920573123e-01
1.579637885124921866e+02 3.708749186252141006e-01
1.469273054863419929e+02 3.677654649197603098e-01
1.371304803867104738e+02 3.646769469376666128e-01
1.283447403413342158e+02 3.616077972385559058e-01
1.203852797090343500e+02 3.585490223982428226e-01
1.131140734009428428e+02 3.554920246016472496e-01
1.064315905297117979e+02 3.524317885086787894e-01
1.002652252291035495e+02 3.493669717110650108e-01
9.455913838419981232e+01 3.462985714260983783e-01
8.926729094882212223e+01 3.432284075985659877e-01
8.434956805933565249e+01 3.401580653614427185e-01
7.977006595664686017e+01 3.370884435435694271e-01
7.549652729547449326e+01 3.340197674605934752e-01
7.150018318293955133e+01 3.309518322937433088e-01
6.775560506768073310e+01 3.278842788454796597e-01
6.424043656127557256e+01 3.248167899364046707e-01
6.093502386946754257e+01 3.217491780068854057e-01
5.782201400049380879e+01 3.186813864201283319e-01
5.488598268015147852e+01 3.156134456959011625e-01
5.211312521173532986e+01 3.125454213334569742e-01
4.949101612535659456e+01 3.094773749895163850e-01
4.700842672984508397e+01 3.064093456956018535e-01
4.465518398497530228e+01 3.033413477657204149e-01
4.242205574213970465e+01 3.002733780189797419e-01
4.030065210310288393e+01 2.972054253692351100e-01
3.828333737897386868e+01 2.941374784053851221e-01
3.636315044776351613e+01 2.910695293883062140e-01
3.453373298687435522e+01 2.880015750630638416e-01
3.278926551874769757e+01 2.849336155643231172e-01
3.112441103618060367e+01 2.818656527133623912e-01
2.953426563414145534e+01 2.787976885776480285e-01
2.801431532622390463e+01 2.757297246508478850e-01
2.656039814544597277e+01 2.726617616273132039e-01
2.516867069245590116e+01 2.695937995570374945e-01
2.383557843212915373e+01 2.665258381429997936e-01
2.255782919060583325e+01 2.634578770108695900e-01
2.133236943192508406e+01 2.603899158733387065e-01
2.015636298407784821e+01 2.573219545848933199e-01
1.902717194227344422e+01 2.542539931219329197e-01
1.794233951304412145e+01 2.511860315313447778e-01
1.689957458707439386e+01 2.481180698803042151e-01
1.589673784859412820e+01 2.450501082236824502e-01
1.493182924837248038e+01 2.419821465914994418e-01
1.400297668659981376e+01 2.389141849908947568e-01
1.310842577064832604e+01 2.358462234148714087e-01
1.224653052996005620e+01 2.327782618515508717e-01
1.141574498549738514e+01 2.297103002905506175e-01
1.061461548413784328e+01 2.266423387257495148e-01
9.841773719248989138e+00 2.235743771552825832e-01
9.095930367812451678e+00 2.205064155801062242e-01
8.375869282275925087e+00 2.174384540023062973e-01
7.680442182093889514e+00 2.143704924238449827e-01
7.008563795887759795e+00 2.113025308459576812e-01
6.359207410454496667e+00 2.082345692690852068e-01
5.731400787568724731e+00 2.051666076931089322e-01
5.124222413706565504e+00 2.020986461176614568e-01
4.536798051526190534e+00 1.990306845423756021e-01
3.968297565209678357e+00 1.959627229670071746e-01
3.417931994664928030e+00 1.928947613914541170e-01
2.884950856139154585e+00 1.898267998157219527e-01
2.368639649054449237e+00 1.867588382398725766e-01
1.868317550884333933e+00 1.836908766639784307e-01
1.383335283679792083e+00 1.806229150880959700e-01
9.130731374472996764e-01 1.775549535122548095e-01
4.569391370068758840e-01 1.744869919364569200e-01
1.436734023337032928e-02 1.714190303606867027e-01
-4.151837432766844471e-01 1.683510687849266996e-01
-8.322326230498242605e-01 1.652831072091663356e-01
-1.237276197111192744e+00 1.622151456334033348e-01
-1.630791028087571926e+00 1.591471840576368646e-01
-2.013234533493707623e+00 1.560792224818629836e-01
-2.385046096993064246e+00 1.530112609060781115e-01
-2.746648106825827274e+00 1.499432993302856620e-01
-3.098446927056582201e+00 1.468753377544950167e-01
-3.440833806804164841e+00 1.438073761787136973e-01
-3.774185732173837682e+00 1.407394146029421200e-01
-4.098866225213313896e+00 1.376714530271754555e-01
-4.415226093853359401e+00 1.346034914514084024e-01
-4.723604136465816339e+00 1.315355298756375468e-01
-5.024327804373416306e+00 1.284675682998642765e-01
-5.317713825376265468e+00 1.253996067240936430e-01
-5.604068791113537173e+00 1.223316451483314748e-01
-5.883689710855699140e+00 1.192636835725787298e-01
-6.156864534118538401e+00 1.161957219968283855e-01
-6.423872644304804425e+00 1.131277604210703114e-01
-6.684985325411294532e+00 1.100597988452964721e-01
-6.940466203684107604e+00 1.069918372695053133e-01
-7.190571665964059278e+00 1.039238756936998465e-01
-7.435551256334312242e+00 1.008559141178853730e-01
-7.675648052564545409e+00 9.778795254207128806e-02
-7.911099023739001090e+00 9.471999096626858294e-02
-8.142135370356122337e+00 9.165202939048393282e-02
-8.368982848096537808e+00 8.858406781471481195e-02
-8.591862076373027790e+00 8.551610623895235241e-02
-8.810988832700701323e+00 8.244814466318750590e-02
-9.026574333855599264e+00 7.938018308741512374e-02
-9.238825504725422633e+00 7.631222151163606637e-02
-9.447945235697156718e+00 7.324425993585478856e-02
-9.654132629371833474e+00 7.017629836007584221e-02
-9.857583237347029126e+00 6.710833678430129512e-02
-1.005848928776205398e+01 6.404037520852903786e-02
-1.025703990425866508e+01 6.097241363275564957e-02
-1.045342131697177201e+01 5.790445205697981185e-02
-1.064781706612959056e+01 5.483649048120262104e-02
-1.084040819880925710e+01 5.176852890542556207e-02
-1.103137345936415770e+01 4.870056732965028640e-02
-1.122088947402020054e+01 4.563260575387833445e-02
-1.140913093006194678e+01 4.256464417810969236e-02
-1.159627075015356290e+01 3.949668260234262540e-02
-1.178248026208132337e+01 3.642872102657567640e-02
-1.196792936441488031e+01 3.336075945080758248e-02
-1.215278668843544274e+01 3.029279787503670260e-02
-1.233721975670481719e+01 2.722483629926153448e-02
-1.252139513862902476e+01 2.415687472348202261e-02
-1.270547860335827650e+01 2.108891314769939171e-02
-1.288963527035361523e+01 1.802095157191530017e-02
-1.307402975794036060e+01 1.495298999613131792e-02
-1.325882633015974932e+01 1.188502842034859334e-02
-1.344418904222262157e+01 8.817066844567894926e-03
-1.363028188486262593e+01 5.749105268789268634e-03
-1.381726892788084449e+01 2.681143693012143746e-03
-1.400531446316965045e+01 -3.868178827642941380e-04
-1.419458314750024641e+01 -3.454779458540771162e-03
-1.438524014535612316e+01 -6.522741034317714771e-03
-1.457745127209339664e+01 -9.590702610095199615e-03
-1.477138313770872102e+01 -1.265866418587302533e-02
-1.496720329149617790e+01 -1.572662576165096901e-02
-1.516508036787623226e+01 -1.879458733742914167e-02
-1.536518423368248065e+01 -2.186254891320772373e-02
-1.556768613719565231e+01 -2.493051048898676375e-02
-1.577275885921897824e+01 -2.799847206476594255e-02
-1.598057686649477382e+01 -3.106643364054471890e-02
-1.619131646776886768e+01 -3.413439521632310319e-02
-1.640515597281719096e+01 -3.720235679210124463e-02
-1.662227585475807601e+01 -4.027031836787871300e-02
-1.684285891598396745e+01 -4.333827994365477276e-02
-1.706709045805759217e+01 -4.640624151942916026e-02
-1.729515845593029510e+01 -4.947420309520272202e-02
-1.752725373685428778e+01 -5.254216467097708176e-02
-1.776357016437619762e+01 -5.561012624675411298e-02
-1.800430482781623809e+01 -5.867808782253505079e-02
-1.824965823765609230e+01 -6.174604939832082501e-02
-1.849983452727870414e+01 -6.481401097411136625e-02
-1.875504166152555641e+01 -6.788197254990474550e-02
-1.901549165256128759e+01 -7.094993412569779168e-02
-1.928140078356147669e+01 -7.401789570148588349e-02
-1.955298984076831559e+01 -7.708585727726455228e-02
-1.983048435448981195e+01 -8.015381885303356213e-02
-2.011411484965109508e+01 -8.322178042879724291e-02
-2.040411710654334954e+01 -8.628974200456035470e-02
-2.070073243245591144e+01 -8.935770358032459060e-02
-2.100420794492014309e+01 -9.242566515609099143e-02
-2.131479686733901602e+01 -9.549362673186216621e-02
-2.163275883782691267e+01 -9.856158830763971090e-02
-2.195836023213973931e+01 -1.016295498834222655e-01
-2.229187450163464490e+01 -1.046975114592067074e-01
-2.263358252726257547e+01 -1.077654730349904694e-01
-2.298377299066662971e+01 -1.108334346107714141e-01
-2.334274276353584554e+01 -1.139013961865475849e-01
-2.371079731644658040e+01 -1.169693577623182046e-01
-2.408825114851367388e+01 -1.200373193380877002e-01
-2.447542823927002331e+01 -1.231052809138633158e-01
-2.487266252430099556e+01 -1.261732424896482574e-01
-2.528029839627750874e+01 -1.292412040654405125e-01
-2.569869123315649517e+01 -1.323091656412325179e-01
-2.612820795545752617e+01 -1.353771272170195550e-01
-2.656922761467293626e+01 -1.384450887928047047e-01
-2.702214201503431568e+01 -1.415130503685920471e-01
-2.748735637104180896e+01 -1.445810119443781405e-01
-2.796529000336172288e+01 -1.476489735201547138e-01
-2.845637707591284382e+01 -1.507169350959166043e-01
-2.896106737720000268e+01 -1.537848966716665045e-01
-2.947982714921641190e+01 -1.568528582474133237e-01
-3.001313996752595159e+01 -1.599208198231673317e-01
-3.056150767645430122e+01 -1.629887813989344403e-01
-3.112545138366810349e+01 -1.660567429747107915e-01
-3.170551251881024868e+01 -1.691247045504897795e-01
-3.230225396128244597e+01 -1.721926661262697944e-01
-3.291626124273875575e+01 -1.752606277020520020e-01
-3.354814383038127090e+01 -1.783285892778390946e-01
-3.419853649772768023e+01 -1.813965508536334315e-01
-3.486810079016483144e+01 -1.844645124294322924e-01
-3.555752659332161869e+01 -1.875324740052288219e-01
-3.626753381309038815e+01 -1.906004355810160533e-01
-3.699887417701579295e+01 -1.936683971567922657e-01
-3.775233316776233750e+01 -1.967363587325625940e-01
-3.852873210048210950e+01 -1.998043203083328390e-01
-3.932893035715112262e+01 -2.028722818841066089e-01
-4.015382779233380006e+01 -2.059402434598844034e-01
-4.100436732640002901e+01 -2.090082050356618371e-01
-4.188153774398311668e+01 -2.120761666114364952e-01
-4.278637671744446891e+01 -2.151441281872106259e-01
-4.371997407735132413e+01 -2.182120897629878375e-01
-4.468347535450522656e+01 -2.212800513387674917e-01
-4.567808562092557167e+01 -2.243480129145463964e-01
-4.670507366043706554e+01 -2.274159744903220537e-01
-4.776577650320160728e+01 -2.304839360660915215e-01
-4.886160436274212060e+01 -2.335518976418513026e-01
-4.999404601879936649e+01 -2.366198592175992044e-01
-5.116467469484350516e+01 -2.396878207933401395e-01
-5.237515448533400075e+01 -2.427557823690864869e-01
-5.362724739502741755e+01 -2.458237439448529293e-01
-5.492282106091703753e+01 -2.488917055206463780e-01
-5.626385723694075125e+01 -2.519596670964587837e-01
-5.765246113262837468e+01 -2.550276286722744090e-01
-5.909087170962639846e+01 -2.580955902480813746e-01
-6.058147305486694734e+01 -2.611635518238771825e-01
-6.212680696640594391e+01 -2.642315133996608334e-01
-6.372958690810567361e+01 -2.672994749754348254e-01
-6.539271351287322886e+01 -2.703674365512013789e-01
-6.711929184180642949e+01 -2.734353981269600498e-01
-6.891265063909851563e+01 -2.765033597027091172e-01
-7.077636386089547216e+01 -2.795713212784500246e-01
-7.271427480167113799e+01 -2.826392828541910429e-01
-7.473052319554236078e+01 -2.857072444299453839e-01
-7.682957573408643270e+01 -2.887752060057252601e-01
-7.901626051885440916e+01 -2.918431675815357784e-01
-8.129580605864468623e+01 -2.949111291573694449e-01
-8.367388553214102842e+01 -2.979790907332050542e-01
-8.615666717001315078e+01 -3.010470523090237882e-01
-8.875087177235990055e+01 -3.041150138848196516e-01
-9.146383857429285058e+01 -3.071829754605908680e-01
-9.430360091310160442e+01 -3.102509370363381591e-01
-9.727897344566659399e+01 -3.133188986120700736e-01
-1.003996530286105155e+02 -3.163868601877942166e-01
-1.036763358241271078e+02 -3.194548217635152509e-01
-1.071208537545630293e+02 -3.225227833392433907e-01
-1.107463341287610348e+02 -3.255907449149949007e-01
-1.145673871421600580e+02 -3.286587064907832145e-01
-1.186003270620350634e+02 -3.317266680666059453e-01
-1.228634343167825307e+02 -3.347946296424459955e-01
-1.273772675034606436e+02 -3.378625912182840474e-01
-1.321650366303897215e+02 -3.409305527941094427e-01
-1.372530518814959635e+02 -3.439985143699193504e-01
-1.426712660416582992e+02 -3.470664759457134374e-01
-1.484539337491550270e+02 -3.501344375214844318e-01
-1.546404173394614929e+02 -3.532023990972214533e-01
-1.612761777574335156e+02 -3.562703606729322736e-01
-1.684140005902450810e+02 -3.593383222486427053e-01
-1.761155227471902265e+02 -3.624062838243801710e-01
-1.844531461271028547e+02 -3.654742454001553842e-01
-1.935124527939275367e+02 -3.685422069759623498e-01
-2.033952362498987156e+02 -3.716101564992893014e-01
-2.142196906800874672e+02 -3.746770190159462444e-01
-2.260772935613573509e+02 -3.777289966074835470e-01
-2.388418413414115662e+02 -3.807015659096331106e-01
-2.518345070507756418e+02 -3.834377939548034298e-01
-2.636017293175431746e+02 -3.856960071618452668e-01
-2.721334561081978904e+02 -3.872172587113769660e-01
-2.756128852882285969e+02 -3.878119695715431248e-01
-2.650604010193035265e+02 -3.874181827849506599e-01
-2.452594055854011401e+02 -3.861091893288102761e-01
-2.258019972386414054e+02 -3.840575714271516894e-01
-2.074926312556666517e+02 -3.814789336152306087e-01
-1.908571336709461264e+02 -3.785792320725183679e-01
-1.760661708423642722e+02 -3.755205473806042527e-01
-1.630399533367346407e+02 -3.724088994137814690e-01
-1.515632654861240951e+02 -3.692994457082917625e-01
-1.413800800453514910e+02 -3.662109277261085816e-01
-1.322529900939119898e+02 -3.631417780268584306e-01
-1.239896068172584620e+02 -3.600830031863740954e-01
-1.164460032277732182e+02 -3.570260053896024410e-01
-1.095182095564175455e+02 -3.539657692964781610e-01
-1.031302260356174969e+02 -3.509009524987427020e-01
-9.722348718984088123e+01 -3.478325522136881398e-01
-9.174964154916526127e+01 -3.447623883860955196e-01
-8.666653971572483783e+01 -3.416920461489398320e-01
-8.193646275244688582e+01 -3.386224243310717030e-01
-7.752553630877716273e+01 -3.355537482481468214e-01
-7.340356206425464336e+01 -3.324858130813890256e-01
-6.954385709852718378e+01 -3.294182596332410617e-01
-6.592296849866335151e+01 -3.263507707242821465e-01
-6.252028374158205537e+01 -3.232831587948565844e-01
-5.931760889077585119e+01 -3.202153672081513025e-01
-5.629877863045545183e+01 -3.171474264839241330e-01
-5.344933225456667003e+01 -3.140794021214421972e-01
-5.075626138844456392e+01 -3.110113557774549231e-01
-4.820781800842944165e+01 -3.079433264835095274e-01
-4.579336553134812959e+01 -3.048753285536277002e-01
-4.350325749110142937e+01 -3.018073588069170032e-01
-4.132873320008822304e+01 -2.987394061572138937e-01
-3.926182468027347028e+01 -2.956714591933927161e-01
-3.729527256333061302e+01 -2.926035101763220236e-01
-3.542245038344523067e+01 -2.895355558510829819e-01
-3.363729716058868036e+01 -2.864675963523571900e-01
-3.193425799758141181e+01 -2.833996335014219992e-01
-3.030823206931654568e+01 -2.803316693657289527e-01
-2.875452713201145372e+01 -2.772637054389291977e-01
-2.726881960458815257e+01 -2.741957424153656508e-01
-2.584711934333331484e+01 -2.711277803450322654e-01
-2.448573837568304867e+01 -2.680598189309132962e-01
-2.318126301639128783e+01 -2.649918577986913881e-01
-2.193052892163185064e+01 -2.619238966610756281e-01
-2.073059873118493712e+01 -2.588559353725622958e-01
-1.957874200973063950e+01 -2.557879739095517690e-01
-1.847241723627738352e+01 -2.527200123189335401e-01
-1.740925561676875688e+01 -2.496520506678917284e-01
-1.638704651638734333e+01 -2.465840890113036032e-01
-1.540372432864648999e+01 -2.435161273791855707e-01
-1.445735661884488188e+01 -2.404481657786656790e-01
-1.354613339926937421e+01 -2.373802042027271519e-01
-1.266835741177565033e+01 -2.343122426394661506e-01
-1.182243530941477339e+01 -2.312442810784867409e-01
-1.100686964244173538e+01 -2.281763195136780886e-01
-1.022025156552269998e+01 -2.251083579431941706e-01
-9.461254192640083716e+00 -2.220403963680008252e-01
-8.728626534465734110e+00 -2.189724347901828017e-01
-8.021187960150061969e+00 -2.159044732116971732e-01
-7.337823131798782761e+00 -2.128365116337761209e-01
-6.677477365519763453e+00 -2.097685500568684802e-01
-6.039152377905262270e+00 -2.067005884808696403e-01
-5.421902381243809188e+00 -2.036326269054276050e-01
-4.824830494666557001e+00 -2.005646653301798310e-01
-4.247085441890281032e+00 -1.974967037548693571e-01
-3.687858509273346908e+00 -1.944287421793725879e-01
-3.146380740591731673e+00 -1.913607806036797254e-01
-2.621920347325096934e+00 -1.882928190278485570e-01
-2.113780315365185736e+00 -1.852248574519564372e-01
-1.621296190945259896e+00 -1.821568958760662882e-01
-1.143834030270228563e+00 -1.790889343002120271e-01
-6.807884988272207005e-01 -1.760209727243989553e-01
-2.315811076977443150e-01 -1.729530111486122790e-01
2.043414246062565387e-01 -1.698850495728344012e-01
6.275086951875737951e-01 -1.668170879970577170e-01
1.038428034130685296e+00 -1.637491264212857234e-01
1.437585824764927800e+00 -1.606811648455249431e-01
1.825448734620620739e+00 -1.576132032697764584e-01
2.202464864176327808e+00 -1.545452416940338858e-01
2.569064819866939686e+00 -1.514772801182866502e-01
2.925662717254488676e+00 -1.484093185425278405e-01
3.272657119752095944e+00 -1.453413569667580674e-01
3.610431917828002657e+00 -1.422733953909794957e-01
3.939357153196225259e+00 -1.392054338151898496e-01
4.259789792121531526e+00 -1.361374722393864367e-01
4.572074451625000258e+00 -1.330695106635723379e-01
4.876544082064953045e+00 -1.300015490877541591e-01
5.173520609283235316e+00 -1.269335875119390333e-01
5.463315539250302777e+00 -1.238656259361349821e-01
5.746230527909804486e+00 -1.207976643603485001e-01
6.022557918709813052e+00 -1.177297027845803229e-01
6.292581250113667757e+00 -1.146617412088240251e-01
6.556575735206829236e+00 -1.115937796330709469e-01
6.814808715355622049e+00 -1.085258180573157732e-01
7.067540089726388253e+00 -1.054578564815568109e-01
7.315022722338230032e+00 -1.023898949057930191e-01
7.557502828199288203e+00 -9.932193333002224678e-02
7.795220339964043177e+00 -9.625397175424346696e-02
8.028409256446625619e+00 -9.318601017845724865e-02
8.257297974230004556e+00 -9.011804860266664496e-02
8.482109603524618180e+00 -8.705008702687594413e-02
8.703062269350313684e+00 -8.398212545108789395e-02
8.920369399042296976e+00 -8.091416387530467325e-02
9.134239997015445311e+00 -7.784620229952839143e-02
9.344878907659698086e+00 -7.477824072376056119e-02
9.552487067182887870e+00 -7.171027914799904535e-02
9.757261745164838018e+00 -6.864231757223780706e-02
9.959396776539591656e+00 -6.557435599646990743e-02
1.015908278467870929e+01 -6.250639442069197416e-02
1.035650739620864158e+01 -5.943843284490692158e-02
1.055185544815800114e+01 -5.637047126912098083e-02
1.074530918799677970e+01 -5.330250969333773930e-02
1.093704846709728606e+01 -5.023454811755657251e-02
1.112725092812167027e+01 -4.716658654177610654e-02
1.131609218679927409e+01 -4.409862496599638304e-02
1.150374600857772123e+01 -4.103066339021727710e-02
1.169038448053539092e+01 -3.796270181443785890e-02
1.187617817899964834e+01 -3.489474023865769825e-02
1.206129633324563954e+01 -3.182677866287780821e-02
1.224590698565806512e+01 -2.875881708709982637e-02
1.243017714871462331e+01 -2.569085551132457498e-02
1.261427295913883029e+01 -2.262289393555114159e-02
1.279835982955809648e+01 -1.955493235977849922e-02
1.298260259799159044e+01 -1.648697078400645361e-02
1.316716567548388994e+01 -1.341900920823454677e-02
1.335221319219141023e+01 -1.035104763246189052e-02
1.353790914222200037e+01 -7.283086056687750227e-03
1.372441752752225774e+01 -4.215124480911676581e-03
1.391190250110217441e+01 -1.147162905133673923e-03
1.410052850988295425e+01 1.920798670645668159e-03
1.429046043745118411e+01 4.988760246425453897e-03
1.448186374700070722e+01 8.056721822204912856e-03
1.467490462474282076e+01 1.112468339798367879e-02
1.486975012406562691e+01 1.419264497376176819e-02
1.506656831072460356e+01 1.726060654953944298e-02
1.526552840934864719e+01 2.032856812531708482e-02
1.546680095154900414e+01 2.339652970109502850e-02
1.567055792592263685e+01 2.646449127687294442e-02
1.587697293024690737e+01 2.953245285264998604e-02
1.608622132616860512e+01 3.260041442842589315e-02
1.629848039669755622e+01 3.566837600420108556e-02
1.651392950682357252e+01 3.873633757997586857e-02
1.673275026758526352e+01 4.180429915575072791e-02
1.695512670392972865e+01 4.487226073152617706e-02
1.718124542671443322e+01 4.794022230730300704e-02
1.741129580921572639e+01 5.100818388308167584e-02
1.764547016852343475e+01 5.407614545886186425e-02
1.788396395221721846e+01 5.714410703464297553e-02
1.812697593073798785e+01 6.021206861042413538e-02
1.837470839588729632e+01 6.328003018620358133e-02
1.862736736590909814e+01 6.634799176197996029e-02
1.888516279763097572e+01 6.941595333775277266e-02
1.914830880616753817e+01 7.248391491352317029e-02
1.941702389271570084e+01 7.555187648929279076e-02
1.969153118100185296e+01 7.861983806506428474e-02
1.997205866297262133e+01 8.168779964084023348e-02
2.025883945435637301e+01 8.475576121662256601e-02
2.055211206076035069e+01 8.782372279241144886e-02
2.085212065500958900e+01 9.089168436820392605e-02
2.115911536647890401e+01 9.395964594399736081e-02
2.147335258321638918e+01 9.702760751978935228e-02
2.179509526771046168e+01 1.000955690955779021e-01
2.212461328720919340e+01 1.031635306713618305e-01
2.246218375956241786e+01 1.062314922471417206e-01
2.280809141562427200e+01 1.092994538229206114e-01
2.316262897932618969e+01 1.123674153987003904e-01
2.352609756661084717e+01 1.154353769744797670e-01
2.389880710450335499e+01 1.185033385502562153e-01
2.428107677168940981e+01 1.215713001260303877e-01
2.467323546207128615e+01 1.246392617018046711e-01
2.507562227288533663e+01 1.277072232775807170e-01
2.548858701908577729e+01 1.307751848533577899e-01
2.591249077583193383e+01 1.338431464291339468e-01
2.634770645106028297e+01 1.369111080049076612e-01
2.679461939028055539e+01 1.399790695806772400e-01
2.725362801590907580e+01 1.430470311564419061e-01
2.772514450364111838e+01 1.461149927322021314e-01
2.820959549857187199e+01 1.491829543079583875e-01
2.870742287400408799e+01 1.522509158837115073e-01
2.921908453613053425e+01 1.553188774594658483e-01
2.974505527805272109e+01 1.583868390352258793e-01
3.028582768690352012e+01 1.614548006109973177e-01
3.084191310817159248e+01 1.645227621867832168e-01
3.141384267169567579e+01 1.675907237625786361e-01
3.200216838420500665e+01 1.706586853383756097e-01
3.260746429372787247e+01 1.737266469141696135e-01
3.323032773168806386e+01 1.767946084899619241e-01
3.387138063906049723e+01 1.798625700657547899e-01
3.453127098357093416e+01 1.829305316415456850e-01
3.521067427560500107e+01 1.859984932173283367e-01
3.591029519124593605e+01 1.890664547930979156e-01
3.663086931170190752e+01 1.921344163688535889e-01
3.737316498932545272e+01 1.952023779446011575e-01
3.813798535147623170e+01 1.982703395203524177e-01
3.892617045465316750e+01 2.013383010961196373e-01
3.973859960263913393e+01 2.044062626719078402e-01
4.057619384387911765e+01 2.074742242477101706e-01
4.143991866497317034e+01 2.105421858235129173e-01
4.233078689903151570e+01 2.136101473993071431e-01
4.324986186974158642e+01 2.166781089750913492e-01
4.419826079438131927e+01 2.197460705508708922e-01
4.517715847170226340e+01 2.228140321266523505e-01
4.618779128365665088e+01 2.258819937024336699e-01
4.723146154341105785e+01 2.289499552782073288e-01
4.830954222602114356e+01 2.320179168539709125e-01
4.942348212262592710e+01 2.350858784297288062e-01
5.057481146415121032e+01 2.381538400054896976e-01
5.176514806637560184e+01 2.412218015812649385e-01
5.299620405492912312e+01 2.442897631570590256e-01
5.426979323652551557e+01 2.473577247328654638e-01
5.558783919161801634e+01 2.504256863086710694e-01
5.695238417392694430e+01 2.534936478844651009e-01
5.836559891415097212e+01 2.565616094602403141e-01
5.982979343894163549e+01 2.596295710359914355e-01
6.134742903221516030e+01 2.626975326117182430e-01
6.292113148450854965e+01 2.657654941874342813e-01
6.455370579784734275e+01 2.688334557631633648e-01
6.624815253910354329e+01 2.719014173389274758e-01
6.800768606478071376e+01 2.749693789147336642e-01
6.983575487545763849e+01 2.780373404905747137e-01
7.173606439980454752e+01 2.811053020664343038e-01
7.371260255750465262e+01 2.841732636422959479e-01
7.576966850915542295e+01 2.872412252181437697e-01
7.791190507130954757e+01 2.903091867939607273e-01
8.014433535869002867e+01 2.933771483697354965e-01
8.247240431632630475e+01 2.964451099454656346e-01
8.490202592578141605e+01 2.995130715211595795e-01
8.743963701653511578e+01 3.025810330968384809e-01
9.009225879199296116e+01 3.056489946725308715e-01
9.286756739715183073e+01 3.087169562482585672e-01
9.577397512135600266e+01 3.117849178240293395e-01
9.882072415714715419e+01 3.148528793998418562e-01
1.020179952407856092e+02 3.179208409756895115e-01
1.053770340020173961e+02 3.209888025515548748e-01
1.089102984764704303e+02 3.240567641274102462e-01
1.126316320179442698e+02 3.271247257032307565e-01
1.165564668346888197e+02 3.301926872790110767e-01
1.207020646225063700e+02 3.332606488547658619e-01
1.250878023560831735e+02 3.363286104305144852e-01
1.297355133317842615e+02 3.393965720062710467e-01
1.346698961683204914e+02 3.424645335820402647e-01
1.399190078517954987e+02 3.455324951578174764e-01
1.455148613091015761e+02 3.486004567335882487e-01
1.514941537485192100e+02 3.516684183093435334e-01
1.578991595826713024e+02 3.547363798850889927e-01
1.647788317839314516e+02 3.578043414608360062e-01
1.721901688954472434e+02 3.608723030365941220e-01
1.801999228532798440e+02 3.639402646123673368e-01
1.888867469741533114e+02 3.670082261881563723e-01
1.983438796092978578e+02 3.700761757114570671e-01
2.086790415093192621e+02 3.731430382280795932e-01
2.199730506010263582e+02 3.761950158195714322e-01
2.320987631386616385e+02 3.791675851216692594e-01
2.444071456847852915e+02 3.819038131667993330e-01
2.555253004811577568e+02 3.841620263738220742e-01
2.635692514694395072e+02 3.856832779233400066e-01
2.668456804244857494e+02 3.862779887834777992e-01
2.563476438278854062e+02 3.858842019968427017e-01
2.371427906955934759e+02 3.845752085406560772e-01
2.183542966474764455e+02 3.825235906389639617e-01
2.007150489732914309e+02 3.799449528270368859e-01
1.847096280227054024e+02 3.770452512843495696e-01
1.704875870060594423e+02 3.739865665924834159e-01
1.579637885144718439e+02 3.708749186257081498e-01
1.469273054880718234e+02 3.677654649202501402e-01
1.371304803880508132e+02 3.646769469380887196e-01
1.283447403422293291e+02 3.616077972388636597e-01
1.203852797095102289e+02 3.585490223984162395e-01
1.131140734011013080e+02 3.554920246017012064e-01
1.064315905296944322e+02 3.524317885086570290e-01
1.002652252290310457e+02 3.493669717110157169e-01
9.455913838412034522e+01 3.462985714260433112e-01
8.926729094872452208e+01 3.432284075984973759e-01
8.434956805920626266e+01 3.401580653613499039e-01
7.977006595651020859e+01 3.370884435434663984e-01
7.549652729539369034e+01 3.340197674605261957e-01
7.150018318297381370e+01 3.309518322937639589e-01
6.775560506785116388e+01 3.278842788456177715e-01
6.424043656156193549e+01 3.248167899366566913e-01
6.093502386981793961e+01 3.217491780072149199e-01
5.782201400083545195e+01 3.186813864204693925e-01
5.488598268041261008e+01 3.156134456961762758e-01
5.211312521187586810e+01 3.125454213336112952e-01
4.949101612537877060e+01 3.094773749895377013e-01
4.700842672978934189e+01 3.064093456955261363e-01
4.465518398490615937e+01 3.033413477656233814e-01
4.242205574212101737e+01 3.002733780189493218e-01
4.030065210317192026e+01 2.972054253693336978e-01
3.828333737913276025e+01 2.941374784056291491e-01
3.636315044798967477e+01 2.910695293886728097e-01
3.453373298713388095e+01 2.880015750635059324e-01
3.278926551900455166e+01 2.849336155647818614e-01
3.112441103640312789e+01 2.818656527137782808e-01
2.953426563430839735e+01 2.787976885779737679e-01
2.801431532632874877e+01 2.757297246510606037e-01
2.656039814549663092e+01 2.726617616274188971e-01
2.516867069246995214e+01 2.695937995570656942e-01
2.383557843212424743e+01 2.665258381429849166e-01
2.255782919059249281e+01 2.634578770108336188e-01
2.133236943190705048e+01 2.603899158732894126e-01
2.015636298405618021e+01 2.573219545848324796e-01
1.902717194224853259e+01 2.542539931218607552e-01
1.794233951301769991e+01 2.511860315312655079e-01
1.689957458705126214e+01 2.481180698802318285e-01
1.589673784858146632e+01 2.450501082236400396e-01
1.493182924837849868e+01 2.419821465915160952e-01
1.400297668662973827e+01 2.389141849909926785e-01
1.310842577069996118e+01 2.358462234150490444e-01
1.224653053002292324e+01 2.327782618517760249e-01
1.141574498555988448e+01 2.297103002907828762e-01
1.061461548419498691e+01 2.266423387259695610e-01
9.841773719302580048e+00 2.235743771554964121e-01
9.095930367866190025e+00 2.205064155803284909e-01
8.375869282331038335e+00 2.174384540025425527e-01
7.680442182147768193e+00 2.143704924240841247e-01
7.008563795935687679e+00 2.113025308461776164e-01
6.359207410492461854e+00 2.082345692692649519e-01
5.731400787594666646e+00 2.051666076932351646e-01
5.124222413720787017e+00 2.020986461177318450e-01
4.536798051531103937e+00 1.990306845423990278e-01
3.968297565209351063e+00 1.959627229670027337e-01
3.417931994663883533e+00 1.928947613914455683e-01
2.884950856141254238e+00 1.898267998157316117e-01
2.368639649062201702e+00 1.867588382399167635e-01
1.868317550898691337e+00 1.836908766640652502e-01
1.383335283699413498e+00 1.806229150882194268e-01
9.130731374684231128e-01 1.775549535123921441e-01
4.569391370252871010e-01 1.744869919365800437e-01
1.436734024685049071e-02 1.714190303607789623e-01
-4.151837432678718298e-01 1.683510687849879839e-01
-8.322326230441972061e-01 1.652831072092057485e-01
-1.237276197107547882e+00 1.622151456334287589e-01
-1.630791028085336603e+00 1.591471840576519636e-01
-2.013234533492162637e+00 1.560792224818729756e-01
-2.385046096990832254e+00 1.530112609060942097e-01
-2.746648106821513391e+00 1.499432993303201900e-01
-3.098446927049659738e+00 1.468753377545536365e-01
-3.440833806795054350e+00 1.438073761787938554e-01
-3.774185732163596985e+00 1.407394146030350457e-01
-4.098866225203383173e+00 1.376714530272679371e-01
-4.415226093845261879e+00 1.346034914514853409e-01
-4.723604136460577863e+00 1.315355298756877289e-01
-5.024327804371186978e+00 1.284675682998847046e-01
-5.317713825376365833e+00 1.253996067240899792e-01
-5.604068791115109249e+00 1.223316451483118239e-01
-5.883689710858185151e+00 1.192636835725485317e-01
-6.156864534121505805e+00 1.161957219967920812e-01
-6.423872644307428992e+00 1.131277604210372267e-01
-6.684985325412330148e+00 1.100597988452815951e-01
-6.940466203682478685e+00 1.069918372695225217e-01
-7.190571665959288872e+00 1.039238756937564123e-01
-7.435551256326561997e+00 1.008559141179808522e-01
-7.675648052554546297e+00 9.778795254219774247e-02
-7.911099023727957480e+00 9.471999096641130211e-02
-8.142135370345437551e+00 9.165202939062454257e-02
-8.368982848087320292e+00 8.858406781483799119e-02
-8.591862076365829992e+00 8.551610623904971897e-02
-8.810988832695484163e+00 8.244814466325861568e-02
-9.026574333851819176e+00 7.938018308746680463e-02
-9.238825504722374404e+00 7.631222151167797729e-02
-9.447945235694259480e+00 7.324425993589508965e-02
-9.654132629368737284e+00 7.017629836011964051e-02
-9.857583237343598981e+00 6.710833678435075556e-02
-1.005848928775825968e+01 6.404037520858504862e-02
-1.025703990425449774e+01 6.097241363281798859e-02
-1.045342131696736310e+01 5.790445205704725790e-02
-1.064781706612509460e+01 5.483649048127228753e-02
-1.084040819880494055e+01 5.176852890549289710e-02
-1.103137345936008451e+01 4.870056732971034946e-02
-1.122088947399783976e+01 4.563260575392662916e-02
-1.140913093003996082e+01 4.256464417814316559e-02
-1.159627075013286657e+01 3.949668260236019468e-02
-1.178248026206196819e+01 3.642872102657742500e-02
-1.196792936439672239e+01 3.336075945079445410e-02
-1.215278668841831156e+01 3.029279787501116747e-02
-1.233721975668844451e+01 2.722483629922797799e-02
-1.252139513861308906e+01 2.415687472344578771e-02
-1.270547860334247936e+01 2.108891314766543276e-02
-1.288963527033772039e+01 1.802095157188746133e-02
-1.307402975792422950e+01 1.495298999611180575e-02
-1.325882633014335354e+01 1.188502842033767846e-02
-1.344418904220605704e+01 8.817066844563891184e-03
-1.363028188484603831e+01 5.749105268789615579e-03
-1.381726892786436522e+01 2.681143693014565420e-03
-1.400531446315336126e+01 -3.868178827612696476e-04
-1.419458314748418637e+01 -3.454779458537863765e-03
-1.438524014534030115e+01 -6.522741034315178606e-03
-1.457745127207781088e+01 -9.590702610093055497e-03
-1.477138313769335909e+01 -1.265866418587117959e-02
-1.496720329148102024e+01 -1.572662576164919265e-02
-1.516508036786125047e+01 -1.879458733742704613e-02
-1.536518423366764274e+01 -2.186254891320489266e-02
-1.556768613718090322e+01 -2.493051048898247551e-02
-1.577275885920424692e+01 -2.799847206475926734e-02
-1.598057686648002296e+01 -3.106643364053519873e-02
-1.619131646775410616e+01 -3.413439521631102952e-02
-1.640515597280253601e+01 -3.720235679208839380e-02
-1.662227585474374081e+01 -4.027031836786816588e-02
-1.684285891597014739e+01 -4.333827994364924940e-02
-1.706709045804438318e+01 -4.640624151942982639e-02
-1.729515845591761902e+01 -4.947420309520841192e-02
-1.752725373684183907e+01 -5.254216467098365984e-02
-1.776357016436353575e+01 -5.561012624675588933e-02
-1.800430482780300423e+01 -5.867808782252772332e-02
-1.824965823764210526e+01 -6.174604939830250633e-02
-1.849983452726386091e+01 -6.481401097408127920e-02
-1.875504166150974328e+01 -6.788197254986205742e-02
-1.901549165254446905e+01 -7.094993412564266910e-02
-1.928140078354385878e+01 -7.401789570142126851e-02
-1.955298984075044189e+01 -7.708585727719699521e-02
-1.983048435447244273e+01 -8.015381885297161169e-02
-2.011411484963500484e+01 -8.322178042874900372e-02
-2.040411710652915644e+01 -8.628974200453176646e-02
-2.070073243244389971e+01 -8.935770358031770721e-02
-2.100420794491000720e+01 -9.242566515610181610e-02
-2.131479686732983936e+01 -9.549362673188092898e-02
-2.163275883781755127e+01 -9.856158830765514300e-02
-2.195836023212947552e+01 -1.016295498834278721e-01
-2.229187450162324780e+01 -1.046975114592008788e-01
-2.263358252724997755e+01 -1.077654730349731499e-01
-2.298377299065278123e+01 -1.108334346107427704e-01
-2.334274276352075361e+01 -1.139013961865082830e-01
-2.371079731643043331e+01 -1.169693577622703540e-01
-2.408825114849629401e+01 -1.200373193380303016e-01
-2.447542823925077116e+01 -1.231052809137919285e-01
-2.487266252427943414e+01 -1.261732424895603277e-01
-2.528029839625396136e+01 -1.292412040653393712e-01
-2.569869123313241488e+01 -1.323091656411294892e-01
-2.612820795543465024e+01 -1.353771272169270734e-01
-2.656922761465224170e+01 -1.384450887927289875e-01
-2.702214201501605473e+01 -1.415130503685339824e-01
-2.748735637102648610e+01 -1.445810119443401709e-01
-2.796529000335056736e+01 -1.476489735201436115e-01
-2.845637707590724119e+01 -1.507169350959394749e-01
-2.896106737720049651e+01 -1.537848966717247912e-01
-2.947982714922197189e+01 -1.568528582474990329e-01
-3.001313996753390256e+01 -1.599208198232636990e-01
-3.056150767646155586e+01 -1.629887813990238132e-01
-3.112545138367273978e+01 -1.660567429747831780e-01
-3.170551251881133226e+01 -1.691247045505411828e-01
-3.230225396127908510e+01 -1.721926661262967728e-01
-3.291626124273004450e+01 -1.752606277020514469e-01
-3.354814383036621450e+01 -1.783285892778077864e-01
-3.419853649770494286e+01 -1.813965508535669291e-01
-3.486810079013311992e+01 -1.844645124293268212e-01
-3.555752659328047827e+01 -1.875324740050847150e-01
-3.626753381304102675e+01 -1.906004355808408601e-01
-3.699887417696132985e+01 -1.936683971566008633e-01
-3.775233316770719227e+01 -1.967363587323738561e-01
-3.852873210043120622e+01 -1.998043203081659724e-01
-3.932893035710878848e+01 -2.028722818839768238e-01
-4.015382779230280619e+01 -2.059402434597998044e-01
-4.100436732638186044e+01 -2.090082050356250887e-01
-4.188153774397783025e+01 -2.120761666114449329e-01
-4.278637671745039484e+01 -2.151441281872559230e-01
-4.371997407736579788e+01 -2.182120897630591139e-01
-4.468347535452679153e+01 -2.212800513388585300e-01
-4.567808562095386549e+01 -2.243480129146547541e-01
-4.670507366047046105e+01 -2.274159744904417357e-01
-4.776577650323775970e+01 -2.304839360662149783e-01
-4.886160436277995700e+01 -2.335518976419752035e-01
-4.999404601883945531e+01 -2.366198592177248816e-01
-5.116467469488621589e+01 -2.396878207934682592e-01
-5.237515448537823204e+01 -2.427557823692139405e-01
-5.362724739506818139e+01 -2.458237439449675044e-01
-5.492282106094422289e+01 -2.488917055207252038e-01
-5.626385723694464502e+01 -2.519596670964823204e-01
-5.765246113260601390e+01 -2.550276286722399921e-01
-5.909087170958358115e+01 -2.580955902480052133e-01
-6.058147305481524825e+01 -2.611635518237857001e-01
-6.212680696635943889e+01 -2.642315133995826737e-01
-6.372958690807685400e+01 -2.672994749753926369e-01
-6.539271351287011669e+01 -2.703674365512071520e-01
-6.711929184183382802e+01 -2.734353981270186695e-01
-6.891265063916142708e+01 -2.765033597028250245e-01
-7.077636386100093091e+01 -2.795713212786301027e-01
-7.271427480182649106e+01 -2.826392828544415092e-01
-7.473052319574834712e+01 -2.857072444302613534e-01
-7.682957573433253629e+01 -2.887752060060858605e-01
-7.901626051912214166e+01 -2.918431675819112558e-01
-8.129580605891352718e+01 -2.949111291577307115e-01
-8.367388553239177895e+01 -2.979790907335281291e-01
-8.615666717023005106e+01 -3.010470523092920181e-01
-8.875087177253587356e+01 -3.041150138850288176e-01
-9.146383857443481702e+01 -3.071829754607531826e-01
-9.430360091322862104e+01 -3.102509370364773811e-01
-9.727897344580082972e+01 -3.133188986122101838e-01
-1.003996530287747646e+02 -3.163868601879565312e-01
-1.036763358243425017e+02 -3.194548217637164234e-01
-1.071208537548413915e+02 -3.225227833394891941e-01
-1.107463341290898171e+02 -3.255907449152695698e-01
-1.145673871425054671e+02 -3.286587064910563294e-01
-1.186003270623638173e+02 -3.317266680668519707e-01
-1.228634343170695473e+02 -3.347946296426491664e-01
-1.273772675036785387e+02 -3.378625912184299307e-01
-1.321650366305054547e+02 -3.409305527941831615e-01
-1.372530518814883180e+02 -3.439985143699164638e-01
-1.426712660415310836e+02 -3.470664759456452697e-01
-1.484539337489588888e+02 -3.501344375213856219e-01
-1.546404173392993755e+02 -3.532023990971459582e-01
-1.612761777574130519e+02 -3.562703606729253902e-01
-1.684140005904170039e+02 -3.593383222487157580e-01
-1.761155227475192930e+02 -3.624062838245074025e-01
-1.844531461274869173e+02 -3.654742454002914975e-01
-1.935124527942573138e+02 -3.685422069760693753e-01
-2.033952362501134132e+02 -3.716101564993530282e-01
-2.142196906801981413e+02 -3.746770190159764424e-01
-2.260772935614223229e+02 -3.777289966074999783e-01
-2.388418413414618726e+02 -3.807015659096446569e-01
-2.518345070507836567e+02 -3.834377939548052061e-01
-2.636017293174338079e+02 -3.856960071618250607e-01
-2.721334561078622869e+02 -3.872172587113185682e-01
-2.756128852875828557e+02 -3.878119695714336568e-01
-2.650604010174171776e+02 -3.874181827847856807e-01
-2.452594055835724589e+02 -3.861091893285924503e-01
-2.258019972368409753e+02 -3.840575714268859020e-01
-2.074926312539211892e+02 -3.814789336149228549e-01
-1.908571336693405271e+02 -3.785792320721879656e-01
-1.760661708410432880e+02 -3.755205473802916138e-01
-1.630399533358001918e+02 -3.724088994135292263e-01
-1.515632654855710086e+02 -3.692994457081216764e-01
-1.413800800451218436e+02 -3.662109277260257589e-01
-1.322529900939392178e+02 -3.631417780268599849e-01
-1.239896068174715822e+02 -3.600830031864495906e-01
-1.164460032281092055e+02 -3.570260053897383323e-01
-1.095182095568381726e+02 -3.539657692966662328e-01
-1.031302260361068477e+02 -3.509009524989820661e-01
-9.722348719039084131e+01 -3.478325522139805726e-01
-9.174964154975293695e+01 -3.447623883864334715e-01
-8.666653971630502440e+01 -3.416920461492991001e-01
-8.193646275296036663e+01 -3.386224243314127635e-01
-7.752553630917542193e+01 -3.355537482484294842e-01
-7.340356206451023979e+01 -3.324858130815817603e-01
-6.954385709862970089e+01 -3.294182596333214419e-01
-6.592296849862371744e+01 -3.263507707242439548e-01
-6.252028374142769707e+01 -3.232831587947098129e-01
-5.931760889053885677e+01 -3.202153672079143809e-01
-5.629877863016569961e+01 -3.171474264836181556e-01
-5.344933225424931322e+01 -3.140794021210880360e-01
-5.075626138812396704e+01 -3.110113557770770032e-01
-4.820781800813073659e+01 -3.079433264831378247e-01
-4.579336553109306607e+01 -3.048753285532928570e-01
-4.350325749090350769e+01 -3.018073588066430002e-01
-4.132873319995380967e+01 -2.987394061570176063e-01
-3.926182468020365945e+01 -2.956714591932848024e-01
-3.729527256332078622e+01 -2.926035101763047042e-01
-3.542245038348217889e+01 -2.895355558511433780e-01
-3.363729716065005704e+01 -2.864675963524635494e-01
-3.193425799764530382e+01 -2.833996335015381285e-01
-3.030823206937100878e+01 -2.803316693658324255e-01
-2.875452713205568855e+01 -2.772637054390169054e-01
-2.726881960462267429e+01 -2.741957424154369272e-01
-2.584711934335457784e+01 -2.711277803450775625e-01
-2.448573837568874723e+01 -2.680598189309248425e-01
-2.318126301638231723e+01 -2.649918577986682955e-01
-2.193052892161214373e+01 -2.619238966610247799e-01
-2.073059873116336149e+01 -2.588559353725045642e-01
-1.957874200971806999e+01 -2.557879739095162419e-01
-1.847241723628106769e+01 -2.527200123189426439e-01
-1.740925561678941946e+01 -2.496520506679512363e-01
-1.638704651641911525e+01 -2.465840890113995265e-01
-1.540372432867992813e+01 -2.435161273792905978e-01
-1.445735661887176349e+01 -2.404481657787531645e-01
-1.354613339928587834e+01 -2.373802042027824410e-01
-1.266835741178126007e+01 -2.343122426394848024e-01
-1.182243530941122067e+01 -2.312442810784723080e-01
-1.100686964243268129e+01 -2.281763195136421174e-01
-1.022025156551317693e+01 -2.251083579431550907e-01
-9.461254192635097482e+00 -2.220403963679790649e-01
-8.728626534467586850e+00 -2.189724347901894630e-01
-8.021187960157385888e+00 -2.159044732117282595e-01
-7.337823131808216104e+00 -2.128365116338179763e-01
-6.677477365528011077e+00 -2.097685500569062278e-01
-6.039152377909647207e+00 -2.067005884808898464e-01
-5.421902381240976787e+00 -2.036326269054120619e-01
-4.824830494652702306e+00 -2.005646653301062232e-01
-4.247085441864407507e+00 -1.974967037547284698e-01
-3.687858509239435367e+00 -1.944287421791822956e-01
-3.146380740557230382e+00 -1.913607806034798853e-01
-2.621920347297818310e+00 -1.882928190276852431e-01
-2.113780315350570760e+00 -1.852248574518656210e-01
-1.621296190944533144e+00 -1.821568958760605150e-01
-1.143834030280072689e+00 -1.790889343002750878e-01
-6.807884988417367556e-01 -1.760209727244954336e-01
-2.315811077117332917e-01 -1.729530111487080912e-01
2.043414245953990016e-01 -1.698850495729107846e-01
6.275086951802009150e-01 -1.668170879971107856e-01
1.038428034126544164e+00 -1.637491264213159214e-01
1.437585824764207487e+00 -1.606811648455293839e-01
1.825448734623670077e+00 -1.576132032697508123e-01
2.202464864183233395e+00 -1.545452416939757101e-01
2.569064819877109773e+00 -1.514772801181991646e-01
2.925662717266648727e+00 -1.484093185424205930e-01
3.272657119764734723e+00 -1.453413569666436034e-01
3.610431917839740379e+00 -1.422733953908702498e-01
3.939357153205790496e+00 -1.392054338150982562e-01
4.259789792127863350e+00 -1.361374722393238201e-01
4.572074451627535119e+00 -1.330695106635459146e-01
4.876544082063584362e+00 -1.300015490877669266e-01
5.173520609278344118e+00 -1.269335875119889934e-01
5.463315539242803887e+00 -1.238656259362141410e-01
5.746230527901085239e+00 -1.207976643604429801e-01
6.022557918701314961e+00 -1.177297027846745808e-01
6.292581250106288770e+00 -1.146617412089076249e-01
6.556575735200682153e+00 -1.115937796331420012e-01
6.814808715350292978e+00 -1.085258180573786119e-01
7.067540089721529917e+00 -1.054578564816152642e-01
7.315022722333758054e+00 -1.023898949058478641e-01
7.557502828195135081e+00 -9.932193333007414970e-02
7.795220339960083678e+00 -9.625397175429387109e-02
8.028409256442659014e+00 -9.318601017850870749e-02
8.257297974225892290e+00 -9.011804860272104589e-02
8.482109603520360253e+00 -8.705008702693328715e-02
8.703062269345918978e+00 -8.398212545114823457e-02
8.920369399037783253e+00 -8.091416387536778942e-02
9.134239997010892509e+00 -7.784620229959300641e-02
9.344878907655338907e+00 -7.477824072382334430e-02
9.552487067178898172e+00 -7.171027914805716552e-02
9.757261745161290634e+00 -6.864231757229004305e-02
9.959396776536538098e+00 -6.557435599651514901e-02
1.015908278467622239e+01 -6.250639442072894458e-02
1.035650739620667160e+01 -5.943843284493562085e-02
1.055185544815633847e+01 -5.637047126914512818e-02
1.074530918799510637e+01 -5.330250969336371852e-02
1.093704846709538892e+01 -5.023454811758924082e-02
1.112725092811937344e+01 -4.716658654181565824e-02
1.131609218679282769e+01 -4.409862496603943194e-02
1.150374600857120377e+01 -4.103066339026021497e-02
1.169038448052915058e+01 -3.796270181447791020e-02
1.187617817899378103e+01 -3.489474023869267028e-02
1.206129633324024653e+01 -3.182677866290600788e-02
1.224590698565324765e+01 -2.875881708711981039e-02
1.243017714871039914e+01 -2.569085551133548292e-02
